#          E MeV    nubar n/f # from sigma         
         1e-11       2.8769 
         3e-11       2.8769 
          1e-9       2.8769 
        1.1e-9       2.8769 
     2.1019e-8        2.875 
       2.53e-8       2.8745 
     4.1038e-8       2.8727 
    6.10571e-8       2.8703 
    8.10761e-8       2.8678 
    1.01095e-7       2.8651 
    1.21114e-7       2.8624 
    1.41133e-7       2.8597 
    1.61152e-7       2.8571 
    1.81171e-7       2.8548 
     2.0119e-7       2.8528 
    2.21209e-7       2.8512 
    2.41228e-7         2.85 
    2.61247e-7       2.8493 
    2.81266e-7       2.8491 
    3.01285e-7       2.8492 
    3.21304e-7       2.8497 
    3.41323e-7       2.8503 
    3.61342e-7       2.8512 
    3.81361e-7       2.8522 
     4.0138e-7       2.8532 
    4.21399e-7       2.8544 
    4.41418e-7       2.8557 
    4.61437e-7       2.8569 
    4.81456e-7       2.8581 
    5.01475e-7       2.8594 
    5.21494e-7       2.8605 
    5.41514e-7       2.8617 
    5.61533e-7       2.8628 
    5.81552e-7       2.8639 
    6.01571e-7       2.8649 
     6.2159e-7       2.8658 
    6.41609e-7       2.8668 
    6.61628e-7       2.8676 
    6.81647e-7       2.8684 
    7.01666e-7       2.8692 
    7.21685e-7       2.8699 
    7.41704e-7       2.8706 
    7.61723e-7       2.8713 
    7.81742e-7       2.8719 
    8.01761e-7       2.8725 
     8.2178e-7       2.8731 
    8.41799e-7       2.8736 
    8.61818e-7       2.8741 
    8.81837e-7       2.8746 
    9.01856e-7        2.875 
    9.21875e-7       2.8755 
    9.41894e-7       2.8759 
    9.61913e-7       2.8763 
    9.81932e-7       2.8766 
    1.00195e-6        2.877 
    1.02197e-6       2.8773 
    1.04199e-6       2.8776 
    1.06201e-6       2.8779 
    1.08203e-6       2.8782 
    1.10205e-6       2.8785 
    1.12207e-6       2.8787 
    1.14208e-6        2.879 
     1.1621e-6       2.8792 
    1.18212e-6       2.8795 
    1.20214e-6       2.8797 
    1.22216e-6       2.8799 
    1.24218e-6       2.8801 
     1.2622e-6       2.8803 
    1.28222e-6       2.8805 
    1.30224e-6       2.8807 
    1.32226e-6       2.8808 
    1.34227e-6        2.881 
    1.36229e-6       2.8812 
    1.38231e-6       2.8813 
    1.40233e-6       2.8814 
    1.42235e-6       2.8816 
    1.44237e-6       2.8817 
    1.46239e-6       2.8819 
    1.48241e-6        2.882 
    1.50243e-6       2.8821 
    1.52245e-6       2.8822 
    1.54246e-6       2.8823 
    1.56248e-6       2.8824 
     1.5825e-6       2.8825 
    1.60252e-6       2.8826 
    1.62254e-6       2.8827 
    1.64256e-6       2.8828 
    1.66258e-6       2.8829 
     1.6826e-6        2.883 
    1.70262e-6       2.8831 
    1.72264e-6       2.8832 
    1.74265e-6       2.8832 
    1.76267e-6       2.8833 
    1.78269e-6       2.8834 
    1.80271e-6       2.8834 
    1.82273e-6       2.8835 
    1.84275e-6       2.8835 
    1.86277e-6       2.8836 
    1.88279e-6       2.8837 
    1.90281e-6       2.8837 
    1.92283e-6       2.8838 
    1.94284e-6       2.8839 
    1.96286e-6       2.8839 
    1.98288e-6       2.8839 
     2.0029e-6        2.884 
    2.02292e-6        2.884 
    2.04294e-6       2.8841 
    2.06296e-6       2.8841 
    2.08298e-6       2.8842 
      2.103e-6       2.8842 
    2.12302e-6       2.8843 
    2.14304e-6       2.8843 
    2.16305e-6       2.8843 
    2.18307e-6       2.8843 
    2.20309e-6       2.8844 
    2.22311e-6       2.8844 
    2.24313e-6       2.8844 
    2.26315e-6       2.8845 
    2.28317e-6       2.8845 
    2.30319e-6       2.8845 
    2.32321e-6       2.8845 
    2.34323e-6       2.8845 
    2.36324e-6       2.8846 
    2.38326e-6       2.8846 
    2.40328e-6       2.8846 
     2.4233e-6       2.8846 
    2.44332e-6       2.8847 
    2.46334e-6       2.8847 
    2.48336e-6       2.8847 
    2.50338e-6       2.8847 
     2.5234e-6       2.8847 
    2.54342e-6       2.8847 
    2.56343e-6       2.8847 
    2.58345e-6       2.8847 
    2.60347e-6       2.8848 
    2.62349e-6       2.8848 
    2.64351e-6       2.8848 
    2.66353e-6       2.8848 
    2.68355e-6       2.8848 
    2.70357e-6       2.8848 
    2.72359e-6       2.8848 
    2.74361e-6       2.8848 
    2.76362e-6       2.8848 
    2.78364e-6       2.8848 
    2.80366e-6       2.8848 
    2.82368e-6       2.8848 
     2.8437e-6       2.8848 
    2.86372e-6       2.8848 
    2.88374e-6       2.8848 
    2.90376e-6       2.8849 
    2.92378e-6       2.8849 
     2.9438e-6       2.8849 
    2.96381e-6       2.8849 
    2.98383e-6       2.8849 
    3.00385e-6       2.8849 
    3.02387e-6       2.8849 
    3.04389e-6       2.8849 
    3.06391e-6       2.8849 
    3.08393e-6       2.8848 
    3.10395e-6       2.8848 
    3.12397e-6       2.8848 
    3.14399e-6       2.8848 
    3.16401e-6       2.8848 
    3.18402e-6       2.8848 
    3.20404e-6       2.8848 
    3.22406e-6       2.8848 
    3.24408e-6       2.8848 
     3.2641e-6       2.8848 
    3.28412e-6       2.8848 
    3.30414e-6       2.8848 
    3.32416e-6       2.8848 
    3.34418e-6       2.8847 
     3.3642e-6       2.8847 
    3.38421e-6       2.8847 
    3.40423e-6       2.8847 
    3.42425e-6       2.8847 
    3.44427e-6       2.8847 
    3.46429e-6       2.8847 
    3.48431e-6       2.8846 
    3.50433e-6       2.8846 
    3.52435e-6       2.8846 
    3.54437e-6       2.8846 
    3.56439e-6       2.8846 
     3.5844e-6       2.8846 
    3.60442e-6       2.8846 
    3.62444e-6       2.8846 
    3.64446e-6       2.8845 
    3.66448e-6       2.8845 
     3.6845e-6       2.8845 
    3.70452e-6       2.8845 
    3.72454e-6       2.8844 
    3.74456e-6       2.8844 
    3.76458e-6       2.8844 
    3.78459e-6       2.8844 
    3.80461e-6       2.8843 
    3.82463e-6       2.8843 
    3.84465e-6       2.8843 
    3.86467e-6       2.8843 
    3.88469e-6       2.8842 
    3.90471e-6       2.8842 
    3.92473e-6       2.8842 
    3.94475e-6       2.8842 
    3.96477e-6       2.8842 
    3.98478e-6       2.8841 
     4.0048e-6       2.8841 
    4.02482e-6       2.8841 
    4.04484e-6       2.8841 
    4.06486e-6        2.884 
    4.08488e-6        2.884 
     4.1049e-6        2.884 
    4.12492e-6       2.8839 
    4.14494e-6       2.8839 
    4.16496e-6       2.8839 
    4.18497e-6       2.8838 
    4.20499e-6       2.8838 
    4.22501e-6       2.8837 
    4.24503e-6       2.8837 
    4.26505e-6       2.8837 
    4.28507e-6       2.8836 
    4.30509e-6       2.8836 
    4.32511e-6       2.8836 
    4.34513e-6       2.8835 
    4.36515e-6       2.8835 
    4.38517e-6       2.8834 
    4.40518e-6       2.8834 
     4.4252e-6       2.8834 
    4.44522e-6       2.8833 
    4.46524e-6       2.8833 
    4.48526e-6       2.8833 
    4.50528e-6       2.8832 
     4.5253e-6       2.8832 
    4.54532e-6       2.8832 
    4.56534e-6       2.8831 
    4.58536e-6       2.8831 
    4.60537e-6        2.883 
    4.62539e-6        2.883 
    4.64541e-6       2.8829 
    4.66543e-6       2.8829 
    4.68545e-6       2.8828 
    4.70547e-6       2.8828 
    4.72549e-6       2.8827 
    4.74551e-6       2.8827 
    4.76553e-6       2.8826 
    4.78555e-6       2.8826 
    4.80556e-6       2.8825 
    4.82558e-6       2.8824 
     4.8456e-6       2.8824 
    4.86562e-6       2.8823 
    4.88564e-6       2.8823 
    4.90566e-6       2.8822 
    4.92568e-6       2.8822 
     4.9457e-6       2.8821 
    4.96572e-6       2.8821 
    4.98574e-6        2.882 
    5.00575e-6        2.882 
    5.02577e-6       2.8819 
    5.04579e-6       2.8818 
    5.06581e-6       2.8818 
    5.08583e-6       2.8817 
    5.10585e-6       2.8816 
    5.12587e-6       2.8816 
    5.14589e-6       2.8815 
    5.16591e-6       2.8814 
    5.18593e-6       2.8813 
    5.20594e-6       2.8813 
    5.22596e-6       2.8812 
    5.24598e-6       2.8811 
      5.266e-6       2.8811 
    5.28602e-6        2.881 
    5.30604e-6       2.8809 
    5.32606e-6       2.8808 
    5.34608e-6       2.8808 
     5.3661e-6       2.8807 
    5.38612e-6       2.8806 
    5.40614e-6       2.8805 
    5.42615e-6       2.8804 
    5.44617e-6       2.8803 
    5.46619e-6       2.8802 
    5.48621e-6       2.8801 
    5.50623e-6       2.8801 
    5.52625e-6         2.88 
    5.54627e-6       2.8799 
    5.56629e-6       2.8798 
    5.58631e-6       2.8797 
    5.60633e-6       2.8796 
    5.62634e-6       2.8795 
    5.64636e-6       2.8794 
    5.66638e-6       2.8793 
     5.6864e-6       2.8792 
    5.70642e-6       2.8791 
    5.72644e-6        2.879 
    5.74646e-6       2.8789 
    5.76648e-6       2.8788 
     5.7865e-6       2.8787 
    5.80652e-6       2.8786 
    5.82653e-6       2.8785 
    5.84655e-6       2.8783 
    5.86657e-6       2.8782 
    5.88659e-6       2.8781 
    5.90661e-6        2.878 
    5.92663e-6       2.8778 
    5.94665e-6       2.8777 
    5.96667e-6       2.8776 
    5.98669e-6       2.8774 
    6.00671e-6       2.8773 
    6.02672e-6       2.8772 
    6.04674e-6        2.877 
    6.06676e-6       2.8769 
    6.08678e-6       2.8768 
     6.1068e-6       2.8766 
    6.12682e-6       2.8765 
    6.14684e-6       2.8763 
    6.16686e-6       2.8761 
    6.18688e-6        2.876 
     6.2069e-6       2.8758 
    6.22691e-6       2.8756 
    6.24693e-6       2.8755 
    6.26695e-6       2.8753 
    6.28697e-6       2.8751 
    6.30699e-6        2.875 
    6.32701e-6       2.8748 
    6.34703e-6       2.8746 
    6.36705e-6       2.8744 
    6.38707e-6       2.8742 
    6.40709e-6        2.874 
    6.42711e-6       2.8738 
    6.44712e-6       2.8737 
    6.46714e-6       2.8734 
    6.48716e-6       2.8732 
    6.50718e-6        2.873 
     6.5272e-6       2.8728 
    6.54722e-6       2.8726 
    6.56724e-6       2.8723 
    6.58726e-6       2.8721 
    6.60728e-6       2.8718 
     6.6273e-6       2.8716 
    6.64731e-6       2.8713 
    6.66733e-6       2.8711 
    6.68735e-6       2.8708 
    6.70737e-6       2.8706 
    6.72739e-6       2.8703 
    6.74741e-6         2.87 
    6.76743e-6       2.8697 
    6.78745e-6       2.8694 
    6.80747e-6       2.8691 
    6.82749e-6       2.8688 
     6.8475e-6       2.8685 
    6.86752e-6       2.8682 
    6.88754e-6       2.8679 
    6.90756e-6       2.8675 
    6.92758e-6       2.8672 
     6.9476e-6       2.8668 
    6.96762e-6       2.8665 
    6.98764e-6       2.8661 
    7.00766e-6       2.8657 
    7.02768e-6       2.8653 
    7.04769e-6        2.865 
    7.06771e-6       2.8645 
    7.08773e-6       2.8641 
    7.10775e-6       2.8637 
    7.12777e-6       2.8633 
    7.14779e-6       2.8629 
    7.16781e-6       2.8624 
    7.18783e-6       2.8619 
    7.20785e-6       2.8615 
    7.22787e-6        2.861 
    7.24788e-6       2.8605 
     7.2679e-6         2.86 
    7.28792e-6       2.8595 
    7.30794e-6        2.859 
    7.32796e-6       2.8584 
    7.34798e-6       2.8579 
      7.368e-6       2.8573 
    7.38802e-6       2.8568 
    7.40804e-6       2.8562 
    7.42806e-6       2.8556 
    7.44808e-6        2.855 
    7.46809e-6       2.8544 
    7.48811e-6       2.8538 
    7.50813e-6       2.8532 
    7.52815e-6       2.8525 
    7.54817e-6       2.8519 
    7.56819e-6       2.8513 
    7.58821e-6       2.8506 
    7.60823e-6       2.8499 
    7.62825e-6       2.8493 
    7.64827e-6       2.8486 
    7.66828e-6       2.8479 
     7.6883e-6       2.8472 
    7.70832e-6       2.8466 
    7.72834e-6       2.8462 
    7.74836e-6       2.8458 
    7.76838e-6       2.8455 
     7.7884e-6       2.8453 
    7.80842e-6       2.8451 
    7.82844e-6        2.845 
    7.84846e-6       2.8449 
    7.86847e-6       2.8448 
    7.88849e-6       2.8448 
    7.90851e-6       2.8446 
    7.92853e-6       2.8444 
    7.94855e-6       2.8443 
    7.96857e-6       2.8442 
    7.98859e-6       2.8442 
    8.00861e-6       2.8443 
    8.02863e-6       2.8446 
    8.04865e-6       2.8449 
    8.06866e-6       2.8452 
    8.08868e-6       2.8458 
     8.1087e-6       2.8465 
    8.12872e-6       2.8471 
    8.14874e-6       2.8479 
    8.16876e-6       2.8488 
    8.18878e-6       2.8498 
     8.2088e-6       2.8507 
    8.22882e-6       2.8519 
    8.24884e-6        2.853 
    8.26885e-6       2.8541 
    8.28887e-6       2.8553 
    8.30889e-6       2.8565 
    8.32891e-6       2.8578 
    8.34893e-6        2.859 
    8.36895e-6       2.8603 
    8.38897e-6       2.8615 
    8.40899e-6       2.8628 
    8.42901e-6       2.8641 
    8.44903e-6       2.8651 
    8.46905e-6       2.8663 
    8.48906e-6       2.8674 
    8.50908e-6       2.8684 
     8.5291e-6       2.8695 
    8.54912e-6       2.8704 
    8.56914e-6       2.8713 
    8.58916e-6       2.8722 
    8.60918e-6        2.873 
     8.6292e-6       2.8737 
    8.64922e-6       2.8745 
    8.66924e-6       2.8751 
    8.68925e-6       2.8757 
    8.70927e-6       2.8762 
    8.72929e-6       2.8767 
    8.74931e-6       2.8772 
    8.76933e-6       2.8776 
    8.78935e-6        2.878 
    8.80937e-6       2.8783 
    8.82939e-6       2.8785 
    8.84941e-6       2.8788 
    8.86943e-6        2.879 
    8.88944e-6       2.8792 
    8.90946e-6       2.8794 
    8.92948e-6       2.8794 
     8.9495e-6       2.8795 
    8.96952e-6       2.8795 
    8.98954e-6       2.8796 
    9.00956e-6       2.8796 
    9.02958e-6       2.8796 
     9.0496e-6       2.8795 
    9.06962e-6       2.8794 
    9.08963e-6       2.8793 
    9.10965e-6       2.8792 
    9.12967e-6       2.8791 
    9.14969e-6       2.8789 
    9.16971e-6       2.8788 
    9.18973e-6       2.8786 
    9.20975e-6       2.8784 
    9.22977e-6       2.8781 
    9.24979e-6       2.8779 
    9.26981e-6       2.8776 
    9.28982e-6       2.8774 
    9.30984e-6       2.8771 
    9.32986e-6       2.8768 
    9.34988e-6       2.8765 
     9.3699e-6       2.8762 
    9.38992e-6       2.8759 
    9.40994e-6       2.8756 
    9.42996e-6       2.8753 
    9.44998e-6       2.8749 
       9.47e-6       2.8746 
    9.49002e-6       2.8742 
    9.51003e-6       2.8738 
    9.53005e-6       2.8734 
    9.55007e-6       2.8731 
    9.57009e-6       2.8727 
    9.59011e-6       2.8723 
    9.61013e-6       2.8719 
    9.63015e-6       2.8715 
    9.65017e-6        2.871 
    9.67019e-6       2.8706 
    9.69021e-6       2.8702 
    9.71022e-6       2.8698 
    9.73024e-6       2.8694 
    9.75026e-6       2.8689 
    9.77028e-6       2.8685 
     9.7903e-6        2.868 
    9.81032e-6       2.8676 
    9.83034e-6       2.8672 
    9.85036e-6       2.8668 
    9.87038e-6       2.8663 
     9.8904e-6       2.8659 
    9.91041e-6       2.8654 
    9.93043e-6        2.865 
    9.95045e-6       2.8646 
    9.97047e-6       2.8642 
    9.99049e-6       2.8637 
    1.00105e-5       2.8633 
    1.00305e-5        2.863 
    1.00505e-5       2.8626 
    1.00706e-5       2.8621 
    1.00906e-5       2.8617 
    1.01106e-5       2.8613 
    1.01306e-5       2.8609 
    1.01506e-5       2.8606 
    1.01707e-5       2.8602 
    1.01907e-5       2.8599 
    1.02107e-5       2.8595 
    1.02307e-5       2.8592 
    1.02507e-5       2.8589 
    1.02708e-5       2.8585 
    1.02908e-5       2.8583 
    1.03108e-5        2.858 
    1.03308e-5       2.8577 
    1.03508e-5       2.8574 
    1.03709e-5       2.8572 
    1.03909e-5       2.8569 
    1.04109e-5       2.8567 
    1.04309e-5       2.8565 
    1.04509e-5       2.8563 
    1.04709e-5       2.8561 
     1.0491e-5       2.8559 
     1.0511e-5       2.8558 
     1.0531e-5       2.8556 
     1.0551e-5       2.8555 
     1.0571e-5       2.8554 
    1.05911e-5       2.8552 
    1.06111e-5       2.8552 
    1.06311e-5       2.8551 
    1.06511e-5        2.855 
    1.06711e-5        2.855 
    1.06912e-5       2.8549 
    1.07112e-5       2.8549 
    1.07312e-5       2.8549 
    1.07512e-5       2.8549 
    1.07712e-5       2.8549 
    1.07913e-5       2.8549 
    1.08113e-5       2.8549 
    1.08313e-5        2.855 
    1.08513e-5        2.855 
    1.08713e-5       2.8551 
    1.08913e-5       2.8552 
    1.09114e-5       2.8553 
    1.09314e-5       2.8553 
    1.09514e-5       2.8554 
    1.09714e-5       2.8555 
    1.09914e-5       2.8556 
    1.10115e-5       2.8557 
    1.10315e-5       2.8558 
    1.10515e-5       2.8559 
    1.10715e-5        2.856 
    1.10915e-5       2.8562 
    1.11116e-5       2.8563 
    1.11316e-5       2.8564 
    1.11516e-5       2.8565 
    1.11716e-5       2.8566 
    1.11916e-5       2.8567 
    1.12117e-5       2.8568 
    1.12317e-5       2.8569 
    1.12517e-5        2.857 
    1.12717e-5       2.8571 
    1.12917e-5       2.8572 
    1.13117e-5       2.8573 
    1.13318e-5       2.8573 
    1.13518e-5       2.8574 
    1.13718e-5       2.8574 
    1.13918e-5       2.8575 
    1.14118e-5       2.8575 
    1.14319e-5       2.8574 
    1.14519e-5       2.8574 
    1.14719e-5       2.8574 
    1.14919e-5       2.8573 
    1.15119e-5       2.8571 
     1.1532e-5        2.857 
     1.1552e-5       2.8568 
     1.1572e-5       2.8565 
     1.1592e-5       2.8562 
     1.1612e-5       2.8557 
    1.16321e-5       2.8552 
    1.16521e-5       2.8546 
    1.16721e-5       2.8538 
    1.16921e-5       2.8528 
    1.17121e-5       2.8514 
    1.17321e-5       2.8497 
    1.17522e-5       2.8475 
    1.17722e-5       2.8449 
    1.17922e-5       2.8421 
    1.18122e-5       2.8394 
    1.18322e-5       2.8368 
    1.18523e-5       2.8344 
    1.18723e-5       2.8322 
    1.18923e-5       2.8301 
    1.19123e-5        2.828 
    1.19323e-5       2.8256 
    1.19524e-5        2.823 
    1.19724e-5       2.8195 
    1.19924e-5        2.815 
    1.20124e-5       2.8089 
    1.20324e-5       2.8004 
    1.20524e-5       2.7906 
    1.20725e-5       2.7816 
    1.20925e-5       2.7769 
    1.21125e-5       2.7792 
    1.21325e-5       2.7877 
    1.21525e-5       2.7997 
    1.21726e-5       2.8115 
    1.21926e-5        2.822 
    1.22126e-5       2.8309 
    1.22326e-5       2.8381 
    1.22526e-5       2.8438 
    1.22727e-5       2.8485 
    1.22927e-5       2.8522 
    1.23127e-5       2.8552 
    1.23327e-5       2.8576 
    1.23527e-5       2.8596 
    1.23728e-5       2.8614 
    1.23928e-5       2.8628 
    1.24128e-5        2.864 
    1.24328e-5        2.865 
    1.24528e-5       2.8659 
    1.24728e-5       2.8667 
    1.24929e-5       2.8674 
    1.25129e-5       2.8679 
    1.25329e-5       2.8685 
    1.25529e-5       2.8689 
    1.25729e-5       2.8693 
     1.2593e-5       2.8697 
     1.2613e-5         2.87 
     1.2633e-5       2.8703 
     1.2653e-5       2.8706 
     1.2673e-5       2.8709 
    1.26931e-5       2.8711 
    1.27131e-5       2.8713 
    1.27331e-5       2.8715 
    1.27531e-5       2.8716 
    1.27731e-5       2.8718 
    1.27932e-5       2.8719 
    1.28132e-5        2.872 
    1.28332e-5       2.8721 
    1.28532e-5       2.8722 
    1.28732e-5       2.8723 
    1.28932e-5       2.8724 
    1.29133e-5       2.8725 
    1.29333e-5       2.8725 
    1.29533e-5       2.8726 
    1.29733e-5       2.8726 
    1.29933e-5       2.8727 
    1.30134e-5       2.8727 
    1.30334e-5       2.8727 
    1.30534e-5       2.8727 
    1.30734e-5       2.8727 
    1.30934e-5       2.8727 
    1.31135e-5       2.8727 
    1.31335e-5       2.8727 
    1.31535e-5       2.8726 
    1.31735e-5       2.8726 
    1.31935e-5       2.8725 
    1.32136e-5       2.8725 
    1.32336e-5       2.8725 
    1.32536e-5       2.8725 
    1.32736e-5       2.8724 
    1.32936e-5       2.8723 
    1.33136e-5       2.8722 
    1.33337e-5       2.8721 
    1.33537e-5        2.872 
    1.33737e-5       2.8719 
    1.33937e-5       2.8718 
    1.34137e-5       2.8717 
    1.34338e-5       2.8715 
    1.34538e-5       2.8714 
    1.34738e-5       2.8712 
    1.34938e-5       2.8711 
    1.35138e-5       2.8709 
    1.35339e-5       2.8707 
    1.35539e-5       2.8705 
    1.35739e-5       2.8703 
    1.35939e-5       2.8702 
    1.36139e-5       2.8699 
     1.3634e-5       2.8697 
     1.3654e-5       2.8694 
     1.3674e-5       2.8692 
     1.3694e-5       2.8689 
     1.3714e-5       2.8686 
     1.3734e-5       2.8684 
    1.37541e-5        2.868 
    1.37741e-5       2.8677 
    1.37941e-5       2.8674 
    1.38141e-5        2.867 
    1.38341e-5       2.8666 
    1.38542e-5       2.8662 
    1.38742e-5       2.8658 
    1.38942e-5       2.8653 
    1.39142e-5       2.8649 
    1.39342e-5       2.8644 
    1.39543e-5       2.8639 
    1.39743e-5       2.8633 
    1.39943e-5       2.8628 
    1.40143e-5       2.8622 
    1.40343e-5       2.8616 
    1.40544e-5       2.8609 
    1.40744e-5       2.8602 
    1.40944e-5       2.8594 
    1.41144e-5       2.8585 
    1.41344e-5       2.8576 
    1.41544e-5       2.8567 
    1.41745e-5       2.8556 
    1.41945e-5       2.8546 
    1.42145e-5       2.8537 
    1.42345e-5       2.8527 
    1.42545e-5       2.8519 
    1.42746e-5       2.8511 
    1.42946e-5       2.8504 
    1.43146e-5       2.8498 
    1.43346e-5        2.849 
    1.43546e-5       2.8483 
    1.43747e-5       2.8474 
    1.43947e-5       2.8463 
    1.44147e-5       2.8447 
    1.44347e-5       2.8422 
    1.44547e-5       2.8385 
    1.44748e-5       2.8344 
    1.44948e-5       2.8314 
    1.45148e-5        2.831 
    1.45348e-5       2.8325 
    1.45548e-5       2.8341 
    1.45748e-5       2.8356 
    1.45949e-5       2.8366 
    1.46149e-5       2.8375 
    1.46349e-5       2.8382 
    1.46549e-5       2.8388 
    1.46749e-5       2.8394 
     1.4695e-5         2.84 
     1.4715e-5       2.8408 
     1.4735e-5       2.8418 
     1.4755e-5       2.8431 
     1.4775e-5       2.8447 
    1.47951e-5       2.8467 
    1.48151e-5       2.8492 
    1.48351e-5        2.852 
    1.48551e-5        2.855 
    1.48751e-5       2.8579 
    1.48952e-5       2.8608 
    1.49152e-5       2.8634 
    1.49352e-5       2.8658 
    1.49552e-5        2.868 
    1.49752e-5       2.8701 
    1.49952e-5        2.872 
    1.50153e-5       2.8737 
    1.50353e-5       2.8753 
    1.50553e-5       2.8768 
    1.50753e-5       2.8781 
    1.50953e-5       2.8793 
    1.51154e-5       2.8804 
    1.51354e-5       2.8814 
    1.51554e-5       2.8823 
    1.51754e-5       2.8831 
    1.51954e-5       2.8838 
    1.52155e-5       2.8845 
    1.52355e-5       2.8851 
    1.52555e-5       2.8856 
    1.52755e-5       2.8861 
    1.52955e-5       2.8865 
    1.53155e-5       2.8868 
    1.53356e-5       2.8872 
    1.53556e-5       2.8874 
    1.53756e-5       2.8877 
    1.53956e-5       2.8879 
    1.54156e-5       2.8881 
    1.54357e-5       2.8883 
    1.54557e-5       2.8884 
    1.54757e-5       2.8886 
    1.54957e-5       2.8887 
    1.55157e-5       2.8887 
    1.55358e-5       2.8888 
    1.55558e-5       2.8888 
    1.55758e-5       2.8889 
    1.55958e-5       2.8889 
    1.56158e-5       2.8889 
    1.56359e-5       2.8888 
    1.56559e-5       2.8888 
    1.56759e-5       2.8887 
    1.56959e-5       2.8887 
    1.57159e-5       2.8886 
    1.57359e-5       2.8885 
     1.5756e-5       2.8884 
     1.5776e-5       2.8883 
     1.5796e-5       2.8882 
     1.5816e-5        2.888 
     1.5836e-5       2.8879 
    1.58561e-5       2.8877 
    1.58761e-5       2.8876 
    1.58961e-5       2.8874 
    1.59161e-5       2.8872 
    1.59361e-5        2.887 
    1.59562e-5       2.8868 
    1.59762e-5       2.8866 
    1.59962e-5       2.8864 
    1.60162e-5       2.8862 
    1.60362e-5        2.886 
    1.60563e-5       2.8857 
    1.60763e-5       2.8855 
    1.60963e-5       2.8852 
    1.61163e-5        2.885 
    1.61363e-5       2.8847 
    1.61563e-5       2.8844 
    1.61764e-5       2.8841 
    1.61964e-5       2.8838 
    1.62164e-5       2.8835 
    1.62364e-5       2.8832 
    1.62564e-5       2.8829 
    1.62765e-5       2.8825 
    1.62965e-5       2.8822 
    1.63165e-5       2.8818 
    1.63365e-5       2.8815 
    1.63565e-5       2.8811 
    1.63766e-5       2.8807 
    1.63966e-5       2.8804 
    1.64166e-5         2.88 
    1.64366e-5       2.8795 
    1.64566e-5       2.8791 
    1.64767e-5       2.8787 
    1.64967e-5       2.8783 
    1.65167e-5       2.8778 
    1.65367e-5       2.8774 
    1.65567e-5       2.8769 
    1.65767e-5       2.8764 
    1.65968e-5       2.8759 
    1.66168e-5       2.8754 
    1.66368e-5       2.8749 
    1.66568e-5       2.8744 
    1.66768e-5       2.8738 
    1.66969e-5       2.8733 
    1.67169e-5       2.8727 
    1.67369e-5       2.8721 
    1.67569e-5       2.8715 
    1.67769e-5       2.8709 
     1.6797e-5       2.8703 
     1.6817e-5       2.8696 
     1.6837e-5        2.869 
     1.6857e-5       2.8683 
     1.6877e-5       2.8677 
    1.68971e-5        2.867 
    1.69171e-5       2.8663 
    1.69371e-5       2.8656 
    1.69571e-5       2.8649 
    1.69771e-5       2.8641 
    1.69971e-5       2.8634 
    1.70172e-5       2.8627 
    1.70372e-5       2.8619 
    1.70572e-5       2.8611 
    1.70772e-5       2.8604 
    1.70972e-5       2.8596 
    1.71173e-5       2.8589 
    1.71373e-5       2.8581 
    1.71573e-5       2.8573 
    1.71773e-5       2.8565 
    1.71973e-5       2.8557 
    1.72174e-5       2.8549 
    1.72374e-5       2.8541 
    1.72574e-5       2.8533 
    1.72774e-5       2.8525 
    1.72974e-5       2.8517 
    1.73175e-5       2.8509 
    1.73375e-5       2.8502 
    1.73575e-5       2.8493 
    1.73775e-5       2.8486 
    1.73975e-5       2.8478 
    1.74175e-5        2.847 
    1.74376e-5       2.8462 
    1.74576e-5       2.8455 
    1.74776e-5       2.8447 
    1.74976e-5       2.8441 
    1.75176e-5       2.8435 
    1.75377e-5       2.8431 
    1.75577e-5       2.8427 
    1.75777e-5       2.8425 
    1.75977e-5       2.8422 
    1.76177e-5        2.842 
    1.76378e-5       2.8418 
    1.76578e-5       2.8417 
    1.76778e-5       2.8416 
    1.76978e-5       2.8415 
    1.77178e-5       2.8414 
    1.77379e-5       2.8413 
    1.77579e-5       2.8412 
    1.77779e-5        2.841 
    1.77979e-5       2.8409 
    1.78179e-5       2.8407 
    1.78379e-5       2.8406 
     1.7858e-5       2.8406 
     1.7878e-5       2.8406 
     1.7898e-5       2.8406 
     1.7918e-5       2.8407 
     1.7938e-5       2.8408 
    1.79581e-5       2.8409 
    1.79781e-5       2.8411 
    1.79981e-5       2.8413 
    1.80181e-5       2.8416 
    1.80381e-5       2.8419 
    1.80582e-5       2.8423 
    1.80782e-5       2.8426 
    1.80982e-5        2.843 
    1.81182e-5       2.8434 
    1.81382e-5       2.8438 
    1.81583e-5       2.8443 
    1.81783e-5       2.8447 
    1.81983e-5       2.8452 
    1.82183e-5       2.8457 
    1.82383e-5       2.8462 
    1.82583e-5       2.8468 
    1.82784e-5       2.8473 
    1.82984e-5       2.8479 
    1.83184e-5       2.8484 
    1.83384e-5       2.8489 
    1.83584e-5       2.8496 
    1.83785e-5       2.8502 
    1.83985e-5       2.8506 
    1.84185e-5       2.8512 
    1.84385e-5       2.8518 
    1.84585e-5       2.8524 
    1.84786e-5       2.8528 
    1.84986e-5       2.8535 
    1.85186e-5        2.854 
    1.85386e-5       2.8545 
    1.85586e-5       2.8551 
    1.85786e-5       2.8556 
    1.85987e-5       2.8561 
    1.86187e-5       2.8566 
    1.86387e-5       2.8572 
    1.86587e-5       2.8577 
    1.86787e-5       2.8581 
    1.86988e-5       2.8587 
    1.87188e-5       2.8592 
    1.87388e-5       2.8597 
    1.87588e-5       2.8601 
    1.87788e-5       2.8605 
    1.87989e-5       2.8609 
    1.88189e-5       2.8613 
    1.88389e-5       2.8618 
    1.88589e-5       2.8622 
    1.88789e-5       2.8626 
     1.8899e-5       2.8629 
     1.8919e-5       2.8633 
     1.8939e-5       2.8638 
     1.8959e-5       2.8642 
     1.8979e-5       2.8645 
     1.8999e-5       2.8649 
    1.90191e-5       2.8652 
    1.90391e-5       2.8654 
    1.90591e-5       2.8657 
    1.90791e-5        2.866 
    1.90991e-5       2.8663 
    1.91192e-5       2.8666 
    1.91392e-5       2.8669 
    1.91592e-5       2.8672 
    1.91792e-5       2.8674 
    1.91992e-5       2.8676 
    1.92193e-5       2.8678 
    1.92393e-5        2.868 
    1.92593e-5       2.8683 
    1.92793e-5       2.8685 
    1.92993e-5       2.8687 
    1.93194e-5       2.8689 
    1.93394e-5        2.869 
    1.93594e-5       2.8692 
    1.93794e-5       2.8693 
    1.93994e-5       2.8694 
    1.94194e-5       2.8695 
    1.94395e-5       2.8697 
    1.94595e-5       2.8698 
    1.94795e-5         2.87 
    1.94995e-5       2.8701 
    1.95195e-5       2.8702 
    1.95396e-5       2.8703 
    1.95596e-5       2.8703 
    1.95796e-5       2.8704 
    1.95996e-5       2.8704 
    1.96196e-5       2.8704 
    1.96397e-5       2.8704 
    1.96597e-5       2.8705 
    1.96797e-5       2.8706 
    1.96997e-5       2.8706 
    1.97197e-5       2.8706 
    1.97398e-5       2.8706 
    1.97598e-5       2.8706 
    1.97798e-5       2.8706 
    1.97998e-5       2.8706 
    1.98198e-5       2.8705 
    1.98398e-5       2.8705 
    1.98599e-5       2.8704 
    1.98799e-5       2.8704 
    1.98999e-5       2.8703 
    1.99199e-5       2.8703 
    1.99399e-5       2.8702 
      1.996e-5       2.8702 
      1.998e-5       2.8701 
       2.08e-5        2.866 
       2.12e-5        2.864 
       2.17e-5       2.8617 
    2.20902e-5       2.8562 
    2.22782e-5        2.856 
       2.26e-5       2.8563 
       2.32e-5       2.8528 
    2.38387e-5       2.8409 
    2.39505e-5       2.8408 
       2.41e-5       2.8413 
       2.42e-5       2.8443 
       2.43e-5       2.8539 
       2.44e-5       2.8719 
       2.45e-5       2.8822 
       2.48e-5       2.8663 
       2.52e-5       2.8571 
    2.59724e-5       2.8505 
       2.66e-5       2.8492 
       2.68e-5       2.8431 
       2.69e-5       2.8335 
        2.7e-5       2.7989 
    2.71066e-5       2.6856 
    2.71361e-5       2.6632 
    2.71698e-5       2.6477 
    2.72161e-5       2.6377 
    2.72962e-5       2.6333 
    2.73595e-5       2.6355 
       2.74e-5       2.6404 
       2.75e-5       2.6826 
       2.76e-5       2.7522 
       2.77e-5       2.7904 
       2.78e-5        2.812 
       2.79e-5       2.8266 
       2.81e-5       2.8457 
       2.84e-5       2.8627 
       2.89e-5        2.878 
       2.95e-5       2.8856 
          3e-5       2.8868 
       3.12e-5       2.8793 
     3.2265e-5       2.8717 
       3.34e-5       2.8753 
        3.4e-5       2.8709 
       3.44e-5       2.8587 
       3.45e-5       2.8535 
       3.47e-5       2.8371 
       3.49e-5       2.8091 
        3.5e-5       2.7892 
       3.51e-5       2.7606 
       3.52e-5       2.7201 
    3.52861e-5       2.6905 
     3.5354e-5       2.6819 
    3.54851e-5       2.6788 
       3.56e-5       2.6807 
       3.57e-5       2.6925 
       3.58e-5         2.73 
       3.59e-5       2.7706 
        3.6e-5       2.7999 
       3.61e-5       2.8219 
       3.62e-5       2.8384 
       3.63e-5       2.8503 
       3.65e-5       2.8674 
       3.67e-5       2.8767 
        3.7e-5       2.8845 
       3.74e-5       2.8883 
        3.8e-5       2.8884 
       3.87e-5       2.8847 
       3.99e-5        2.871 
       4.06e-5       2.8569 
        4.1e-5       2.8438 
       4.11e-5       2.8356 
    4.12754e-5       2.7917 
    4.13455e-5       2.7837 
     4.1373e-5       2.7831 
     4.1438e-5       2.7877 
    4.14963e-5       2.8017 
       4.16e-5       2.8389 
    4.16641e-5       2.8499 
    4.17977e-5       2.8543 
    4.18491e-5       2.8544 
       4.22e-5       2.8527 
    4.31724e-5       2.8592 
       4.35e-5        2.857 
       4.38e-5       2.8469 
       4.39e-5       2.8398 
        4.4e-5       2.8291 
       4.41e-5       2.8119 
       4.42e-5       2.7807 
    4.42962e-5       2.7407 
     4.4354e-5       2.7265 
     4.4435e-5       2.7188 
    4.45275e-5       2.7168 
    4.46085e-5       2.7181 
       4.47e-5       2.7255 
       4.48e-5       2.7547 
       4.49e-5       2.8016 
        4.5e-5        2.832 
       4.51e-5       2.8501 
       4.52e-5       2.8623 
       4.54e-5       2.8771 
       4.57e-5       2.8887 
    4.63594e-5        2.897 
    4.86046e-5       2.9022 
       4.93e-5       2.9033 
       4.97e-5       2.9018 
       4.98e-5        2.898 
    4.98692e-5       2.8866 
    4.99201e-5       2.8672 
    5.00274e-5        2.809 
    5.00782e-5       2.7905 
    5.01346e-5       2.7803 
    5.01685e-5       2.7786 
     5.0211e-5       2.7808 
    5.03002e-5        2.803 
       5.04e-5       2.8527 
    5.04787e-5       2.8813 
       5.05e-5       2.8853 
       5.06e-5       2.8936 
        5.1e-5       2.8978 
    5.11926e-5        2.898 
    5.18173e-5        2.896 
    5.19958e-5       2.8916 
       5.21e-5       2.8847 
       5.22e-5       2.8692 
    5.22514e-5       2.8553 
    5.23766e-5       2.8153 
    5.24514e-5        2.802 
    5.25738e-5       2.7954 
    5.26486e-5       2.7947 
       5.28e-5       2.7978 
    5.29068e-5       2.8089 
    5.30707e-5       2.8387 
    5.32345e-5       2.8519 
       5.35e-5       2.8596 
    5.40538e-5       2.8625 
       5.51e-5       2.8589 
       5.53e-5       2.8538 
    5.55284e-5       2.8413 
     5.5707e-5       2.8397 
       5.59e-5       2.8434 
    5.60199e-5       2.8569 
    5.61838e-5       2.8906 
       5.63e-5       2.9009 
    5.65115e-5       2.9046 
       5.74e-5       2.9053 
    5.82711e-5       2.9013 
    5.86466e-5       2.8922 
    5.88998e-5       2.8774 
       5.91e-5       2.8641 
     5.9288e-5       2.8613 
    5.95244e-5        2.865 
       5.99e-5       2.8904 
       6.02e-5       2.8999 
    6.07715e-5       2.9056 
        6.1e-5        2.906 
       6.18e-5       2.9011 
       6.23e-5       2.8884 
     6.2919e-5       2.8589 
    6.31788e-5       2.8571 
       6.35e-5         2.86 
    6.43409e-5        2.889 
    6.44298e-5        2.884 
       6.45e-5       2.8764 
    6.45632e-5       2.8743 
    6.50968e-5       2.8893 
    6.51413e-5       2.8896 
    6.53191e-5       2.8866 
    6.54525e-5       2.8769 
    6.56135e-5       2.8644 
    6.58706e-5       2.8609 
       6.71e-5       2.8703 
       6.77e-5        2.871 
       7.35e-5       2.8571 
       7.38e-5       2.8504 
    7.40416e-5       2.8447 
     7.4108e-5       2.8445 
       7.43e-5       2.8469 
       7.44e-5        2.855 
    7.45299e-5       2.8784 
    7.45902e-5       2.8816 
    7.49973e-5       2.8672 
     7.5133e-5        2.866 
       7.59e-5       2.8763 
     7.7595e-5       2.8844 
       7.82e-5       2.8809 
    7.83855e-5       2.8764 
       7.85e-5       2.8705 
    7.87017e-5       2.8347 
    7.88359e-5       2.7888 
    7.89151e-5       2.7744 
    7.90253e-5       2.7673 
    7.90781e-5       2.7666 
     7.9176e-5       2.7691 
       7.93e-5        2.785 
       7.94e-5       2.8218 
    7.94566e-5       2.8503 
       7.95e-5       2.8689 
       7.96e-5       2.8913 
    7.96917e-5       2.8978 
          8e-5       2.9032 
    8.08667e-5       2.9048 
       8.16e-5        2.904 
    8.21798e-5       2.8953 
       8.23e-5       2.8867 
       8.24e-5       2.8626 
     8.2556e-5       2.7903 
    8.26189e-5       2.7713 
    8.26974e-5       2.7592 
    8.27813e-5       2.7551 
       8.29e-5       2.7603 
    8.29702e-5        2.772 
       8.31e-5       2.8233 
       8.32e-5       2.8692 
    8.32864e-5       2.8877 
    8.34355e-5        2.897 
       8.39e-5       2.9028 
    8.45512e-5       2.9041 
     8.5097e-5       2.9016 
    8.51835e-5       2.8978 
    8.52865e-5       2.8829 
    8.53746e-5       2.8562 
    8.54764e-5        2.824 
    8.55511e-5         2.81 
    8.56257e-5       2.8055 
    8.56935e-5       2.8091 
       8.58e-5         2.83 
       8.59e-5       2.8625 
        8.6e-5       2.8881 
     8.6037e-5       2.8933 
       8.61e-5       2.8982 
       8.64e-5       2.9028 
       8.76e-5       2.9039 
       8.96e-5       2.9012 
          9e-5       2.8962 
    9.01827e-5       2.8894 
       9.03e-5       2.8789 
    9.03492e-5       2.8704 
    9.04181e-5       2.8513 
    9.05434e-5       2.8074 
    9.06212e-5       2.7914 
     9.0723e-5       2.7828 
    9.08547e-5       2.7802 
        9.1e-5       2.7835 
       9.11e-5        2.793 
    9.11242e-5       2.7971 
       9.12e-5        2.816 
       9.13e-5       2.8467 
    9.13596e-5         2.86 
    9.14424e-5       2.8707 
     9.1595e-5       2.8796 
    9.17923e-5       2.8842 
        9.2e-5       2.8855 
    9.22733e-5       2.8825 
    9.23824e-5       2.8791 
       9.25e-5       2.8712 
       9.26e-5        2.853 
       9.27e-5       2.8042 
    9.27999e-5       2.7327 
    9.28509e-5       2.7042 
    9.29076e-5       2.6833 
    9.29757e-5       2.6696 
    9.30607e-5       2.6635 
    9.30777e-5       2.6634 
    9.31174e-5       2.6644 
       9.32e-5       2.6735 
       9.33e-5       2.7051 
       9.34e-5       2.7729 
     9.3478e-5       2.8341 
       9.36e-5       2.8817 
       9.37e-5       2.8915 
    9.39488e-5       2.8965 
       9.41e-5       2.8967 
    9.46549e-5       2.8908 
    9.48903e-5       2.8825 
        9.5e-5       2.8749 
    9.52346e-5       2.8536 
    9.54483e-5       2.8483 
    9.54855e-5       2.8483 
       9.57e-5       2.8522 
    9.58318e-5       2.8633 
        9.6e-5       2.8854 
       9.61e-5       2.8929 
       9.64e-5       2.9007 
    9.74795e-5       2.9034 
     0.0001013       2.9006 
     0.0001021       2.8941 
   0.000102423        2.885 
     0.0001025       2.8804 
     0.0001026       2.8691 
   0.000102658       2.8569 
     0.0001028       2.8106 
   0.000102881        2.792 
   0.000102986       2.7816 
   0.000103148       2.7779 
   0.000103337       2.7832 
     0.0001034       2.7896 
     0.0001035       2.8121 
   0.000103599       2.8491 
     0.0001037       2.8774 
     0.0001038       2.8888 
      0.000104       2.8953 
     0.0001042       2.8964 
     0.0001044       2.8948 
     0.0001046         2.89 
   0.000104781       2.8802 
     0.0001049       2.8641 
      0.000105       2.8342 
     0.0001051       2.7912 
   0.000105179       2.7647 
   0.000105257       2.7502 
   0.000105369       2.7417 
   0.000105447       2.7401 
     0.0001056       2.7435 
     0.0001057       2.7535 
     0.0001058       2.7774 
     0.0001059        2.814 
      0.000106       2.8406 
     0.0001061       2.8506 
     0.0001062        2.852 
     0.0001064       2.8422 
    0.00010658       2.8357 
    0.00010682       2.8344 
   0.000107186       2.8381 
     0.0001075       2.8559 
     0.0001079       2.8654 
     0.0001084       2.8684 
     0.0001093       2.8634 
     0.0001097       2.8564 
       0.00011       2.8458 
   0.000110232       2.8355 
   0.000110553       2.8334 
     0.0001109       2.8368 
     0.0001114       2.8852 
   0.000111604       2.8959 
   0.000111996       2.9011 
     0.0001121       2.9012 
   0.000114177       2.8983 
   0.000114578       2.8921 
   0.000114882       2.8759 
     0.0001151       2.8654 
     0.0001154       2.8627 
   0.000115792       2.8665 
     0.0001161        2.878 
     0.0001172       2.8868 
     0.0001179       2.8826 
   0.000118295       2.8732 
   0.000118709       2.8526 
   0.000118991         2.85 
   0.000119324       2.8533 
   0.000119495       2.8636 
     0.0001197       2.8775 
       0.00012       2.8848 
     0.0001201       2.8853 
     0.0001204       2.8814 
     0.0001205       2.8772 
     0.0001206       2.8695 
   0.000120823       2.8463 
   0.000121006        2.841 
   0.000121189       2.8403 
     0.0001215       2.8434 
     0.0001218       2.8616 
     0.0001219       2.8654 
     0.0001223       2.8702 
     0.0001228       2.8651 
   0.000123308       2.8557 
     0.0001237       2.8549 
     0.0001241       2.8583 
     0.0001249       2.8803 
     0.0001254       2.8861 
     0.0001256       2.8849 
   0.000125755       2.8779 
     0.0001258       2.8726 
     0.0001259       2.8512 
   0.000126015       2.8224 
   0.000126106       2.8102 
   0.000126263       2.8033 
   0.000126391       2.8023 
     0.0001266        2.805 
     0.0001267       2.8104 
   0.000126986       2.8458 
     0.0001271       2.8488 
     0.0001272        2.842 
   0.000127402       2.8164 
   0.000127563        2.809 
   0.000127718       2.8077 
     0.0001279       2.8101 
      0.000128       2.8155 
     0.0001281       2.8295 
     0.0001283       2.8793 
     0.0001284       2.8904 
   0.000128627       2.8976 
     0.0001296       2.9031 
     0.0001316       2.9047 
     0.0001331       2.9016 
     0.0001333       2.8972 
     0.0001334       2.8896 
     0.0001335       2.8675 
   0.000133552        2.846 
   0.000133701       2.7669 
   0.000133767       2.7417 
    0.00013384       2.7245 
   0.000133934       2.7139 
      0.000134       2.7117 
     0.0001341        2.715 
     0.0001342       2.7285 
     0.0001343       2.7579 
     0.0001344       2.8036 
     0.0001345       2.8457 
     0.0001346       2.8675 
     0.0001347       2.8758 
      0.000135       2.8815 
     0.0001351       2.8818 
      0.000136       2.8751 
     0.0001363        2.869 
   0.000136669        2.854 
   0.000136947       2.8521 
     0.0001373       2.8559 
     0.0001377       2.8739 
     0.0001383       2.8841 
   0.000138477       2.8854 
     0.0001386        2.884 
     0.0001387        2.878 
   0.000138919       2.8441 
   0.000139048       2.8346 
   0.000139389       2.8311 
   0.000139453        2.831 
    0.00013981       2.8328 
     0.0001403       2.8499 
     0.0001409       2.8572 
     0.0001415       2.8589 
     0.0001425       2.8545 
   0.000143395       2.8478 
   0.000143719       2.8441 
      0.000144       2.8461 
     0.0001441       2.8497 
   0.000144232         2.86 
   0.000144396       2.8769 
     0.0001446        2.891 
   0.000144885       2.8982 
   0.000145048       2.8988 
     0.0001456       2.8933 
     0.0001458       2.8866 
     0.0001459       2.8779 
   0.000146027       2.8552 
    0.00014618       2.8223 
   0.000146292       2.8087 
   0.000146432       2.8032 
   0.000146439       2.8032 
   0.000146517       2.8045 
     0.0001466       2.8096 
    0.00014668       2.8193 
     0.0001468       2.8458 
     0.0001469       2.8727 
      0.000147       2.8907 
     0.0001471       2.8979 
     0.0001473          2.9 
     0.0001477       2.8941 
   0.000147853       2.8855 
   0.000148122        2.857 
     0.0001483       2.8496 
   0.000148466       2.8482 
     0.0001487       2.8513 
   0.000148801       2.8563 
      0.000149        2.876 
   0.000149086        2.878 
   0.000149181       2.8667 
   0.000149311       2.8491 
   0.000149466       2.8414 
   0.000149679       2.8395 
   0.000149944       2.8423 
     0.0001501       2.8505 
     0.0001503        2.868 
     0.0001505       2.8776 
   0.000151086       2.8888 
     0.0001525       2.8986 
     0.0001535       2.9003 
   0.000156428       2.8937 
   0.000156596       2.8882 
     0.0001567       2.8781 
   0.000156982       2.8304 
   0.000157097       2.8199 
   0.000157184       2.8181 
     0.0001573       2.8238 
     0.0001574       2.8363 
     0.0001576       2.8727 
     0.0001577        2.886 
   0.000157856       2.8945 
     0.0001586       2.8978 
     0.0001597       2.8932 
     0.0001605       2.8812 
     0.0001611       2.8646 
     0.0001614       2.8503 
     0.0001617       2.8278 
   0.000161917        2.823 
   0.000162129       2.8224 
     0.0001625       2.8244 
     0.0001626       2.8276 
     0.0001627       2.8345 
     0.0001629       2.8569 
      0.000163       2.8655 
     0.0001632       2.8759 
     0.0001635       2.8812 
     0.0001637        2.879 
     0.0001639       2.8695 
      0.000164       2.8577 
     0.0001641       2.8377 
     0.0001642       2.8146 
   0.000164331       2.7943 
   0.000164481       2.7854 
    0.00016471       2.7827 
     0.0001649       2.7846 
      0.000165       2.7882 
     0.0001651       2.7958 
     0.0001652       2.8095 
     0.0001653       2.8262 
     0.0001654       2.8393 
   0.000165496       2.8471 
     0.0001657       2.8551 
     0.0001662         2.86 
   0.000167285       2.8546 
   0.000167728       2.8572 
   0.000167914       2.8662 
     0.0001682       2.8883 
   0.000168472       2.8967 
     0.0001686       2.8975 
     0.0001691       2.8926 
     0.0001694       2.8832 
     0.0001695       2.8746 
     0.0001696       2.8587 
     0.0001698       2.8082 
     0.0001699       2.7889 
    0.00016996       2.7834 
       0.00017       2.7829 
     0.0001701       2.7927 
     0.0001703        2.838 
   0.000170408       2.8505 
   0.000170559       2.8543 
     0.0001708       2.8552 
    0.00017089       2.8548 
      0.000171        2.849 
     0.0001711       2.8314 
     0.0001712       2.8042 
   0.000171262       2.7897 
     0.0001713       2.7834 
     0.0001714       2.7778 
   0.000171448       2.7807 
     0.0001715       2.7877 
   0.000171634       2.8198 
     0.0001717       2.8389 
    0.00017182       2.8675 
     0.0001719       2.8788 
      0.000172       2.8861 
     0.0001723       2.8924 
    0.00017368       2.8988 
     0.0001742       2.8961 
     0.0001745       2.8893 
    0.00017554       2.8484 
   0.000175837        2.844 
   0.000176284       2.8435 
     0.0001764       2.8435 
     0.0001767       2.8417 
     0.0001768       2.8347 
     0.0001769       2.8156 
      0.000177       2.7926 
   0.000177124       2.7772 
   0.000177299       2.7708 
   0.000177408       2.7699 
     0.0001776       2.7711 
     0.0001777        2.774 
     0.0001778       2.7806 
     0.0001779       2.7938 
     0.0001781       2.8294 
     0.0001783       2.8438 
     0.0001784       2.8402 
     0.0001786       2.8092 
   0.000178749       2.7976 
   0.000179017       2.7936 
   0.000179099       2.7935 
   0.000179425       2.7971 
     0.0001795       2.8008 
   0.000179623       2.8145 
   0.000179821        2.847 
     0.0001799       2.8545 
     0.0001802        2.869 
     0.0001809       2.8882 
     0.0001817       2.8992 
     0.0001823       2.9015 
     0.0001829       2.8981 
     0.0001831       2.8909 
     0.0001832        2.881 
     0.0001834       2.8476 
    0.00018353       2.8331 
   0.000183702        2.826 
   0.000183809       2.8252 
      0.000184       2.8293 
     0.0001841       2.8361 
     0.0001842       2.8489 
     0.0001844       2.8841 
     0.0001845       2.8939 
     0.0001847       2.9002 
     0.0001858       2.9033 
   0.000187345       2.9003 
     0.0001876       2.8962 
   0.000187741        2.889 
     0.0001878        2.883 
      0.000188       2.8488 
   0.000188137       2.8325 
   0.000188316       2.8253 
   0.000188463       2.8241 
   0.000188731       2.8283 
     0.0001888       2.8321 
   0.000188929       2.8455 
   0.000189127       2.8747 
     0.0001892       2.8814 
     0.0001894       2.8896 
     0.0001898       2.8935 
   0.000190117       2.8892 
     0.0001902       2.8838 
   0.000190315       2.8688 
   0.000190524        2.834 
   0.000190664       2.8224 
   0.000190823       2.8187 
      0.000191       2.8231 
   0.000191107       2.8319 
     0.0001912       2.8453 
     0.0001914        2.883 
     0.0001915       2.8938 
     0.0001917       2.9005 
     0.0001925       2.9029 
     0.0001948       2.8972 
   0.000195346       2.8978 
      0.000196       2.8947 
   0.000196198       2.8876 
     0.0001963       2.8776 
   0.000196553        2.838 
   0.000196701       2.8276 
   0.000196947       2.8237 
     0.0001972       2.8278 
     0.0001973       2.8339 
     0.0001974       2.8456 
     0.0001976       2.8791 
     0.0001977       2.8882 
     0.0001979       2.8933 
      0.000198       2.8934 
     0.0001984       2.8876 
     0.0001988       2.8731 
    0.00019913       2.8585 
   0.000199551       2.8551 
     0.0002001        2.859 
     0.0002009       2.8836 
     0.0002015        2.893 
   0.000202227       2.8969 
   0.000202773       2.8937 
   0.000202955        2.886 
   0.000203273       2.8538 
   0.000203465        2.847 
   0.000203505       2.8469 
   0.000203718       2.8521 
   0.000203897       2.8663 
   0.000204115       2.8861 
    0.00020432       2.8928 
    0.00020612       2.8972 
   0.000206531       2.8946 
   0.000206737       2.8878 
   0.000206839       2.8787 
   0.000206942       2.8607 
   0.000207161       2.8053 
    0.00020727       2.7883 
    0.00020742       2.7781 
    0.00020759       2.7752 
   0.000207794       2.7791 
    0.00020793       2.7894 
   0.000208038       2.8067 
   0.000208255       2.8565 
   0.000208364       2.8727 
   0.000208473       2.8817 
   0.000208798       2.8936 
   0.000209341       2.9008 
   0.000210536       2.9027 
   0.000212237       2.9008 
   0.000212645       2.8955 
   0.000212838       2.8853 
   0.000213126       2.8563 
   0.000213338       2.8485 
   0.000213511       2.8473 
   0.000213784       2.8507 
   0.000213933       2.8588 
   0.000214131       2.8806 
   0.000214329       2.8947 
   0.000214527       2.8968 
   0.000214726        2.891 
   0.000215122       2.8533 
   0.000215321       2.8478 
   0.000215519       2.8468 
   0.000215866       2.8507 
   0.000216139       2.8625 
   0.000216213       2.8572 
   0.000216288       2.8423 
   0.000216455       2.7987 
   0.000216561       2.7816 
   0.000216698       2.7718 
   0.000216801       2.7702 
    0.00021696        2.776 
   0.000217051       2.7854 
   0.000217143       2.8012 
   0.000217371       2.8585 
   0.000217462       2.8739 
   0.000217553       2.8823 
   0.000217736       2.8893 
   0.000218375        2.896 
   0.000218557       2.8965 
   0.000218876       2.8931 
   0.000219013       2.8825 
   0.000219242       2.8492 
    0.00021939       2.8393 
   0.000219727        2.835 
    0.00022001       2.8326 
   0.000220326       2.8145 
   0.000220485       2.8124 
   0.000220735       2.8172 
   0.000220871       2.8278 
   0.000220962       2.8417 
   0.000221144       2.8779 
   0.000221235       2.8887 
   0.000221417       2.8962 
   0.000222053       2.8994 
   0.000222507       2.8963 
   0.000222643       2.8903 
   0.000222734       2.8799 
   0.000222825       2.8601 
   0.000223029       2.7966 
   0.000223132       2.7748 
    0.00022325       2.7616 
   0.000223388       2.7567 
    0.00022352       2.7601 
   0.000223599       2.7667 
   0.000223705       2.7831 
   0.000223758       2.7955 
   0.000223863        2.828 
   0.000223916       2.8456 
   0.000224021       2.8742 
   0.000224127       2.8886 
   0.000224232       2.8925 
   0.000224338       2.8901 
   0.000224443       2.8817 
   0.000224694       2.8504 
   0.000224872       2.8404 
   0.000225115       2.8373 
   0.000225405       2.8421 
   0.000225539       2.8505 
   0.000225807       2.8794 
   0.000225985       2.8898 
   0.000226342       2.8962 
   0.000226878       2.8984 
   0.000227324       2.8954 
   0.000227502       2.8864 
   0.000227833       2.8477 
   0.000228018       2.8382 
   0.000228126       2.8369 
   0.000228344       2.8416 
   0.000228507       2.8551 
   0.000228669       2.8781 
   0.000228778        2.891 
   0.000228887       2.8978 
   0.000229212       2.9024 
   0.000229864       2.9033 
   0.000230733       2.9006 
    0.00023095       2.8936 
   0.000231059       2.8821 
   0.000231181       2.8581 
   0.000231354       2.8204 
    0.00023148       2.8038 
   0.000231618       2.7964 
   0.000231655        2.796 
   0.000231784       2.7993 
   0.000231895       2.8089 
   0.000232005        2.826 
   0.000232153       2.8536 
   0.000232227       2.8594 
   0.000232374       2.8545 
   0.000232613       2.8454 
   0.000232818       2.8437 
   0.000233073       2.8464 
   0.000233175       2.8501 
   0.000233277       2.8569 
   0.000233584       2.8871 
   0.000233737        2.893 
   0.000233788       2.8933 
   0.000233916       2.8891 
   0.000234018       2.8773 
   0.000234286       2.8236 
   0.000234415       2.8086 
   0.000234561       2.8023 
   0.000234597       2.8021 
   0.000234743       2.8065 
   0.000234853       2.8163 
   0.000234999       2.8397 
   0.000235145       2.8673 
   0.000235219       2.8775 
   0.000235365       2.8883 
   0.000235657       2.8939 
    0.00023668       2.8966 
    0.00023785       2.8934 
   0.000238288       2.8874 
   0.000238471       2.8799 
   0.000238581       2.8696 
   0.000238837        2.831 
   0.000238983       2.8194 
   0.000239251       2.8138 
   0.000239322       2.8136 
   0.000239583       2.8168 
   0.000239725       2.8241 
    0.00023982       2.8336 
   0.000240009        2.857 
   0.000240104       2.8598 
   0.000240436       2.8471 
   0.000240831       2.8448 
   0.000241319       2.8477 
   0.000241737       2.8625 
   0.000242016       2.8649 
   0.000242434       2.8589 
   0.000242852       2.8531 
    0.00024319       2.8528 
   0.000243683       2.8554 
   0.000244318       2.8752 
   0.000244882       2.8809 
   0.000245164       2.8811 
    0.00024601       2.8747 
   0.000247243       2.8591 
   0.000248369       2.8568 
   0.000248488       2.8508 
   0.000248586       2.8364 
   0.000248813       2.7809 
   0.000248923       2.7642 
    0.00024906       2.7548 
   0.000249169       2.7527 
   0.000249351       2.7576 
    0.00024946       2.7674 
   0.000249533       2.7785 
   0.000249605        2.794 
   0.000249824       2.8528 
   0.000249897       2.8659 
       0.00025       2.8756 
    0.00025026       2.8829 
   0.000250406       2.8844 
   0.000250551       2.8826 
   0.000250661       2.8746 
    0.00025077       2.8573 
   0.000250934       2.8279 
    0.00025107       2.8133 
   0.000251254       2.8057 
   0.000251481       2.8036 
   0.000251809       2.8079 
    0.00025196       2.8168 
   0.000252263       2.8509 
   0.000252465       2.8633 
   0.000253071       2.8795 
   0.000253677       2.8917 
   0.000253778       2.8914 
   0.000253929        2.885 
   0.000254207       2.8572 
   0.000254396       2.8493 
   0.000254785       2.8468 
   0.000255202       2.8504 
   0.000255398       2.8603 
   0.000255594       2.8737 
   0.000255716       2.8765 
   0.000255888       2.8705 
   0.000256224       2.8465 
   0.000256398       2.8421 
   0.000256573       2.8461 
   0.000256748       2.8593 
   0.000257009       2.8857 
   0.000257184       2.8935 
   0.000257359       2.8949 
   0.000258057       2.8892 
   0.000258406       2.8799 
   0.000258799       2.8536 
    0.00025907       2.8478 
   0.000259255       2.8471 
   0.000259625       2.8507 
   0.000259811       2.8606 
   0.000260181       2.8935 
   0.000260552       2.9007 
   0.000261233       2.9026 
   0.000262086       2.8992 
   0.000262256       2.8919 
    0.00026237       2.8783 
   0.000262635       2.8258 
   0.000262768       2.8098 
   0.000262939       2.8016 
   0.000263007       2.8009 
   0.000263166       2.8037 
   0.000263302       2.8128 
   0.000263394        2.824 
   0.000263575       2.8563 
   0.000263666       2.8687 
   0.000263757       2.8722 
   0.000263894       2.8623 
   0.000264076       2.8453 
   0.000264295       2.8373 
   0.000264512       2.8358 
   0.000264851       2.8403 
   0.000265454       2.8856 
   0.000266057       2.8923 
    0.00026666       2.8924 
   0.000267716       2.8864 
   0.000268319       2.8758 
   0.000268846       2.8545 
    0.00026953       2.8469 
    0.00026994       2.8347 
   0.000270035       2.8341 
   0.000270224       2.8375 
   0.000270319        2.843 
   0.000270414       2.8527 
   0.000270603       2.8811 
   0.000270698       2.8902 
   0.000270888       2.8955 
   0.000271077       2.8959 
   0.000271646       2.8909 
   0.000271978       2.8813 
   0.000272392       2.8558 
   0.000272662       2.8502 
   0.000272887       2.8495 
   0.000273307       2.8534 
   0.000273487       2.8615 
   0.000273727       2.8781 
   0.000273967       2.8876 
   0.000274567       2.8956 
   0.000274742       2.8961 
   0.000275095        2.893 
   0.000275311       2.8824 
   0.000275592       2.8635 
   0.000275867       2.8573 
   0.000275939        2.857 
   0.000276226       2.8603 
   0.000276465       2.8718 
   0.000276752       2.8884 
   0.000277039       2.8944 
   0.000277995       2.8982 
    0.00027876       2.8947 
   0.000279009       2.8879 
   0.000279209       2.8718 
   0.000279421       2.8531 
    0.00027966       2.8451 
   0.000279852       2.8438 
   0.000280185       2.8477 
   0.000280338       2.8553 
   0.000280645       2.8844 
    0.00028085       2.8938 
   0.000281463       2.8983 
   0.000282128       2.8949 
   0.000282333       2.8887 
   0.000282435       2.8808 
   0.000282538       2.8663 
   0.000282819        2.806 
   0.000282945       2.7888 
   0.000283092       2.7791 
   0.000283217       2.7767 
   0.000283406       2.7816 
   0.000283533       2.7923 
   0.000283616       2.8042 
     0.0002837       2.8205 
   0.000283868       2.8584 
   0.000283952       2.8732 
   0.000284036        2.883 
   0.000284204       2.8919 
   0.000284624       2.8961 
    0.00028496       2.8942 
   0.000285128       2.8894 
   0.000285296       2.8754 
   0.000285548       2.8369 
   0.000285681       2.8224 
   0.000285829       2.8141 
   0.000285976       2.8112 
   0.000286124       2.8118 
   0.000286358       2.8213 
   0.000286593       2.8474 
   0.000287062       2.8842 
   0.000287531       2.8761 
   0.000287765        2.859 
      0.000288       2.8494 
   0.000288305       2.8469 
   0.000288632       2.8499 
   0.000288819        2.858 
   0.000289067        2.881 
   0.000289316       2.8946 
   0.000289813       2.9002 
   0.000290558       2.9016 
   0.000291676       2.8984 
   0.000291893       2.8922 
   0.000292111       2.8745 
   0.000292322       2.8578 
   0.000292538       2.8522 
   0.000292554       2.8522 
   0.000292777        2.857 
   0.000293063       2.8758 
   0.000293254       2.8886 
   0.000293509       2.8958 
   0.000293891       2.8972 
   0.000295036       2.8937 
   0.000295609       2.8842 
   0.000295864       2.8732 
   0.000296214       2.8498 
   0.000296492       2.8444 
   0.000296842       2.8436 
   0.000297331       2.8462 
   0.000297787       2.8573 
   0.000297852       2.8574 
   0.000298113        2.852 
   0.000298439       2.8417 
   0.000298933       2.8395 
   0.000299403       2.8414 
     0.0002997       2.8499 
   0.000299997       2.8603 
   0.000300393       2.8644 
   0.000301036       2.8599 
   0.000301643       2.8507 
   0.000302039         2.85 
   0.000302828        2.852 
   0.000303815       2.8649 
   0.000304999       2.8702 
   0.000305394       2.8705 
    0.00030717       2.8649 
   0.000308266        2.858 
   0.000308846        2.855 
   0.000309292       2.8404 
   0.000309421       2.8396 
   0.000309679       2.8426 
   0.000309872       2.8519 
   0.000310194       2.8796 
   0.000310452       2.8908 
   0.000310646       2.8932 
   0.000310839       2.8872 
   0.000310984        2.872 
   0.000311163       2.8398 
   0.000311336       2.8089 
   0.000311451       2.7958 
   0.000311528       2.7918 
   0.000311605       2.7916 
   0.000311682       2.7954 
   0.000311758       2.8031 
   0.000311912        2.828 
   0.000312066        2.857 
    0.00031222       2.8776 
   0.000312373       2.8864 
   0.000312527       2.8885 
   0.000312911       2.8848 
   0.000313103       2.8769 
   0.000313218       2.8657 
   0.000313506       2.8233 
   0.000313667        2.811 
   0.000313919       2.8051 
    0.00031399       2.8048 
   0.000314248       2.8079 
   0.000314388       2.8145 
   0.000314482       2.8229 
   0.000314576       2.8357 
   0.000314763       2.8682 
   0.000314857       2.8799 
   0.000314951       2.8866 
   0.000315138       2.8919 
    0.00031542       2.8936 
   0.000315795       2.8911 
   0.000316029       2.8824 
    0.00031617       2.8688 
   0.000316381       2.8454 
   0.000316569       2.8365 
   0.000317018       2.8332 
   0.000317407       2.8354 
   0.000317615       2.8421 
   0.000317926       2.8651 
   0.000318133       2.8743 
   0.000318756       2.8843 
   0.000320216       2.8911 
    0.00032108       2.8919 
    0.00032235       2.8876 
   0.000322784        2.879 
   0.000323121       2.8593 
   0.000323383       2.8478 
   0.000323727       2.8444 
   0.000324047        2.848 
   0.000324222       2.8556 
   0.000324571       2.8861 
   0.000324746       2.8927 
   0.000324891       2.8881 
   0.000325066       2.8695 
   0.000325263       2.8486 
    0.00032547        2.839 
   0.000325686       2.8367 
    0.00032594       2.8401 
   0.000326143       2.8509 
   0.000326448       2.8818 
   0.000326651       2.8925 
   0.000327159       2.8986 
   0.000329917       2.9027 
   0.000332503       2.8996 
   0.000333098       2.8936 
   0.000333296       2.8866 
   0.000333445       2.8726 
   0.000333593       2.8461 
   0.000333742       2.8194 
   0.000333875       2.8054 
   0.000334084       2.7968 
   0.000334331       2.7948 
   0.000334609       2.7978 
   0.000334794       2.8065 
   0.000334918       2.8189 
   0.000335103       2.8446 
   0.000335227       2.8555 
   0.000335289       2.8573 
   0.000335443        2.853 
   0.000335752       2.8307 
   0.000336046       2.8241 
   0.000336324       2.8231 
   0.000336756        2.826 
   0.000337003       2.8358 
    0.00033725       2.8497 
   0.000337311       2.8504 
   0.000337435        2.846 
   0.000337589       2.8293 
   0.000337774       2.8078 
   0.000337955       2.7979 
   0.000338322       2.7937 
   0.000338672       2.7969 
   0.000338828       2.8043 
   0.000339042       2.8214 
   0.000339217        2.824 
   0.000339628       2.8233 
   0.000340116       2.8259 
   0.000340237       2.8293 
   0.000340359       2.8357 
   0.000340724       2.8598 
   0.000340967       2.8655 
   0.000341454       2.8689 
   0.000342246        2.864 
   0.000342611       2.8547 
   0.000343006       2.8361 
   0.000343437        2.832 
   0.000343531       2.8319 
   0.000343955        2.834 
   0.000344143       2.8396 
   0.000344237       2.8456 
   0.000344425       2.8659 
   0.000344613       2.8853 
   0.000344707       2.8908 
   0.000344896       2.8963 
   0.000345649       2.9008 
   0.000346647       2.9011 
     0.0003488       2.8982 
   0.000349483       2.8907 
   0.000349746        2.881 
   0.000350154       2.8515 
   0.000350415       2.8448 
   0.000350714       2.8435 
   0.000351101        2.846 
   0.000351332       2.8547 
   0.000351719       2.8841 
    0.00035195         2.89 
   0.000352028         2.89 
   0.000352182       2.8863 
   0.000352298       2.8779 
   0.000352588       2.8403 
   0.000352752       2.8292 
   0.000353062       2.8236 
    0.00035322       2.8232 
     0.0003536       2.8264 
   0.000353727       2.8309 
   0.000353853       2.8397 
   0.000354107       2.8684 
   0.000354234        2.877 
    0.00035436       2.8766 
   0.000354487       2.8657 
   0.000354709       2.8384 
   0.000354879       2.8289 
   0.000355257       2.8244 
   0.000355334       2.8243 
   0.000355679       2.8261 
   0.000355832       2.8295 
   0.000355985       2.8373 
   0.000356138       2.8506 
   0.000356571       2.8757 
   0.000357004       2.8822 
    0.00035787       2.8853 
   0.000358736        2.881 
   0.000359277       2.8712 
   0.000359824       2.8496 
   0.000360408       2.8458 
   0.000360793       2.8463 
   0.000360985       2.8435 
   0.000361082       2.8342 
   0.000361158       2.8169 
   0.000361255       2.7827 
    0.00036137       2.7411 
   0.000361457       2.7196 
   0.000361565       2.7039 
   0.000361694        2.696 
   0.000361737       2.6951 
   0.000361823       2.6956 
    0.00036191       2.6992 
   0.000361996       2.7065 
   0.000362169       2.7371 
   0.000362342       2.7946 
   0.000362687       2.8839 
   0.000363033       2.8958 
   0.000364069       2.9001 
   0.000365034       2.9008 
   0.000367207        2.897 
   0.000367569       2.8928 
    0.00036775       2.8855 
   0.000367931       2.8688 
   0.000368173       2.8436 
   0.000368377       2.8334 
   0.000368586       2.8307 
   0.000368854       2.8357 
   0.000368973       2.8426 
   0.000369092       2.8541 
   0.000369331       2.8843 
    0.00036951       2.8957 
   0.000369689       2.8978 
   0.000369928       2.8931 
   0.000370137       2.8783 
   0.000370398       2.8553 
   0.000370638       2.8463 
   0.000370861       2.8446 
   0.000371107       2.8477 
   0.000371229       2.8524 
   0.000371475       2.8714 
   0.000371597       2.8818 
    0.00037172       2.8891 
   0.000371965       2.8959 
    0.00037299       2.9017 
   0.000373566       2.9021 
   0.000374431       2.8999 
   0.000374611       2.8935 
    0.00037472       2.8823 
   0.000374827        2.861 
   0.000374945        2.826 
   0.000375128       2.7662 
    0.00037524       2.7398 
   0.000375351       2.7237 
   0.000375447       2.7173 
   0.000375478       2.7165 
   0.000375542       2.7171 
   0.000375606       2.7204 
    0.00037567       2.7266 
   0.000375733       2.7358 
   0.000375797       2.7483 
   0.000375925       2.7821 
   0.000376052       2.8219 
   0.000376179       2.8552 
   0.000376243       2.8665 
   0.000376307       2.8741 
   0.000376434       2.8804 
   0.000376562       2.8786 
   0.000376721       2.8672 
   0.000376976       2.8431 
   0.000377198        2.834 
   0.000377874       2.8273 
   0.000378047       2.8161 
   0.000378255          2.8 
   0.000378459       2.7945 
   0.000378505       2.7943 
   0.000378731       2.7968 
   0.000378913       2.8053 
   0.000379004       2.8136 
   0.000379095       2.8256 
   0.000379367       2.8706 
   0.000379548        2.886 
   0.000379729       2.8917 
   0.000380637       2.8985 
      0.000381       2.8991 
   0.000381696       2.8957 
    0.00038187       2.8881 
   0.000382001       2.8744 
   0.000382262       2.8362 
    0.00038243       2.8221 
   0.000382688       2.8147 
   0.000382798       2.8141 
   0.000383018       2.8161 
   0.000383238       2.8251 
   0.000383403       2.8405 
   0.000383623       2.8672 
   0.000383733       2.8746 
   0.000383788       2.8758 
   0.000383954       2.8705 
   0.000384276       2.8512 
    0.00038458       2.8452 
   0.000384663        2.845 
   0.000384951       2.8476 
   0.000385199       2.8581 
   0.000385446       2.8806 
   0.000385611       2.8926 
   0.000385828       2.8976 
     0.0003859       2.8978 
   0.000386044       2.8966 
   0.000386189       2.8925 
   0.000386395       2.8782 
   0.000386704       2.8501 
   0.000386808       2.8443 
   0.000387014       2.8388 
    0.00038722       2.8395 
   0.000387426       2.8463 
   0.000387839        2.877 
   0.000388045       2.8875 
   0.000388354        2.892 
   0.000388457       2.8921 
    0.00038887       2.8883 
   0.000389076       2.8782 
   0.000389283        2.855 
   0.000389476        2.834 
   0.000389684       2.8235 
    0.00039002       2.8198 
   0.000390325       2.8236 
   0.000390508       2.8322 
   0.000390813       2.8607 
   0.000390935       2.8657 
   0.000391087       2.8607 
   0.000391362       2.8474 
   0.000391823       2.8429 
      0.000392       2.8428 
   0.000392533       2.8455 
   0.000393155       2.8615 
   0.000393422       2.8628 
   0.000393911       2.8575 
   0.000394344       2.8488 
   0.000394876       2.8473 
   0.000395519       2.8498 
   0.000395821       2.8597 
   0.000396048       2.8691 
   0.000396199       2.8705 
   0.000396388       2.8644 
    0.00039669       2.8494 
   0.000397155       2.8449 
   0.000397368       2.8448 
   0.000397938       2.8472 
   0.000398365       2.8604 
   0.000398649       2.8658 
   0.000399219       2.8686 
   0.000400785       2.8636 
   0.000402065       2.8594 
   0.000402829       2.8615 
    0.00040315       2.8693 
   0.000403392        2.879 
   0.000403472       2.8802 
   0.000403633       2.8742 
   0.000403874         2.86 
   0.000404218       2.8545 
   0.000404663       2.8538 
   0.000405474       2.8554 
   0.000405637       2.8515 
   0.000405826       2.8357 
   0.000406026       2.8185 
   0.000406248       2.8108 
   0.000406399       2.8098 
   0.000406652       2.8148 
   0.000406804       2.8253 
   0.000407045       2.8485 
    0.00040725       2.8565 
   0.000408065       2.8588 
   0.000408346       2.8558 
   0.000408694       2.8437 
   0.000409184       2.8411 
   0.000409735       2.8437 
   0.000409845       2.8462 
   0.000410285       2.8685 
   0.000410506       2.8754 
   0.000411056       2.8806 
   0.000411552       2.8771 
   0.000411828       2.8674 
   0.000412158       2.8514 
   0.000412558       2.8465 
   0.000412763       2.8462 
   0.000413277       2.8488 
   0.000413483       2.8548 
   0.000413894       2.8787 
   0.000414203       2.8855 
   0.000414512       2.8871 
   0.000414974       2.8831 
   0.000415128       2.8766 
   0.000415283       2.8614 
   0.000415437       2.8353 
   0.000415627       2.8028 
   0.000415772       2.7873 
   0.000415967       2.7777 
   0.000416142       2.7757 
   0.000416374       2.7807 
    0.00041649       2.7879 
   0.000416606       2.8004 
   0.000416722       2.8196 
   0.000416896       2.8548 
   0.000417012       2.8713 
    0.00041707       2.8751 
   0.000417128        2.876 
   0.000417273       2.8683 
   0.000417534       2.8451 
   0.000417767       2.8351 
   0.000418068       2.8321 
   0.000418403       2.8363 
   0.000418604       2.8464 
   0.000418805       2.8666 
   0.000419006       2.8872 
   0.000419207       2.8957 
   0.000419274        2.896 
   0.000419441       2.8913 
    0.00041987       2.8584 
   0.000420137         2.85 
   0.000420339       2.8488 
   0.000420608       2.8519 
   0.000420877       2.8628 
   0.000421147       2.8793 
   0.000421326       2.8853 
   0.000421506       2.8859 
   0.000421865       2.8776 
   0.000422224       2.8679 
   0.000422403       2.8679 
   0.000423121       2.8806 
   0.000423839       2.8867 
   0.000424198       2.8875 
   0.000424916       2.8847 
   0.000425185       2.8775 
    0.00042567       2.8461 
   0.000425955       2.8394 
   0.000426121       2.8386 
    0.00042637       2.8408 
   0.000426496       2.8442 
   0.000426623       2.8505 
   0.000426875       2.8747 
   0.000427127       2.8937 
    0.00042738       2.8958 
   0.000428518       2.8825 
   0.000429583       2.8659 
   0.000430073       2.8641 
   0.000430911       2.8682 
   0.000432048       2.8812 
   0.000432174       2.8816 
   0.000432455       2.8777 
   0.000432622       2.8664 
   0.000432777       2.8457 
   0.000433021       2.8062 
   0.000433177       2.7896 
   0.000433294       2.7838 
   0.000433372       2.7831 
   0.000433528       2.7893 
   0.000433684       2.8061 
   0.000433996       2.8604 
   0.000434153       2.8799 
   0.000434309       2.8886 
   0.000434621       2.8916 
   0.000436494       2.8824 
   0.000437118        2.874 
   0.000437313       2.8639 
   0.000437469       2.8457 
   0.000437742       2.8041 
   0.000437908       2.7891 
   0.000438125       2.7809 
   0.000438298       2.7795 
   0.000438529       2.7805 
   0.000438681       2.7768 
   0.000438789       2.7657 
   0.000439044       2.7204 
   0.000439147       2.7095 
   0.000439269       2.7055 
   0.000439392       2.7107 
   0.000439473       2.7198 
   0.000439555       2.7341 
   0.000439678       2.7664 
   0.000439841       2.8176 
   0.000439933       2.8385 
   0.000440035        2.851 
   0.000440197       2.8573 
   0.000441193       2.8598 
   0.000441467       2.8652 
   0.000441948       2.8906 
   0.000442291       2.8949 
    0.00044244       2.8951 
   0.000442978       2.8949 
   0.000444099       2.8958 
   0.000444548       2.8933 
   0.000445221       2.8792 
    0.00044567       2.8685 
   0.000446118       2.8622 
   0.000447465       2.8586 
   0.000449035       2.8545 
   0.000449792       2.8471 
   0.000450369       2.8466 
   0.000450658       2.8466 
   0.000450995       2.8439 
   0.000451115        2.835 
   0.000451199       2.8195 
    0.00045129       2.7915 
   0.000451464       2.7257 
    0.00045156       2.6985 
   0.000451655       2.6805 
    0.00045175       2.6699 
   0.000451894       2.6648 
   0.000452037       2.6711 
   0.000452133       2.6821 
   0.000452228       2.6993 
   0.000452324       2.7233 
   0.000452515       2.7842 
   0.000452611       2.8122 
   0.000452706       2.8329 
   0.000452897        2.853 
   0.000453088       2.8584 
   0.000453757       2.8606 
   0.000454811         2.86 
   0.000455551       2.8626 
   0.000455775       2.8698 
   0.000456123        2.888 
   0.000456508       2.8929 
   0.000456807       2.8891 
   0.000457235       2.8648 
     0.0004576       2.8599 
   0.000457992       2.8593 
    0.00045834       2.8594 
   0.000458688       2.8563 
   0.000459088       2.8424 
   0.000459426       2.8399 
   0.000459727        2.842 
   0.000459877       2.8459 
   0.000460027       2.8538 
   0.000460328       2.8828 
   0.000460403       2.8872 
   0.000460478       2.8885 
   0.000460628       2.8833 
   0.000460929       2.8652 
   0.000461252       2.8589 
   0.000461822       2.8577 
    0.00046219       2.8578 
   0.000462497       2.8545 
   0.000462853       2.8412 
   0.000463218       2.8387 
   0.000463602       2.8409 
   0.000463755       2.8447 
   0.000463909       2.8529 
   0.000464216       2.8771 
   0.000464523       2.8823 
    0.00046483       2.8802 
   0.000465137       2.8714 
   0.000465444       2.8571 
   0.000465751       2.8504 
   0.000466058       2.8493 
   0.000466365       2.8519 
   0.000466672       2.8635 
   0.000466979        2.888 
   0.000467286       2.9005 
     0.0004682       2.9038 
   0.000469155        2.904 
   0.000472466       2.9019 
    0.00047273       2.8957 
   0.000472884       2.8837 
   0.000473044       2.8604 
   0.000473339       2.8051 
   0.000473465       2.7892 
   0.000473592       2.7815 
   0.000473623        2.781 
    0.00047375       2.7841 
   0.000473876       2.7957 
   0.000474002       2.8149 
   0.000474255       2.8625 
   0.000474381       2.8808 
   0.000474508        2.892 
   0.000474697       2.8992 
   0.000475481       2.9029 
   0.000475902       2.9031 
   0.000478115       2.8994 
   0.000478539       2.8938 
   0.000478751       2.8837 
   0.000479149       2.8491 
   0.000479399       2.8395 
   0.000479757       2.8365 
   0.000480059       2.8386 
    0.00048021        2.842 
   0.000480511       2.8601 
   0.000480813       2.8858 
   0.000481115       2.8957 
    0.00048202       2.9002 
   0.000482321       2.9002 
   0.000483227        2.896 
   0.000483453       2.8908 
   0.000483604       2.8817 
   0.000483754       2.8635 
   0.000483962       2.8257 
    0.00048418       2.7842 
   0.000484335       2.7647 
   0.000484526       2.7527 
   0.000484693       2.7495 
   0.000484931       2.7538 
   0.000485026       2.7592 
   0.000485122       2.7676 
   0.000485217       2.7796 
   0.000485312       2.7957 
   0.000485503       2.8352 
   0.000485693       2.8713 
   0.000485884       2.8905 
    0.00048617        2.898 
   0.000486933       2.9004 
    0.00048821       2.8998 
   0.000491659       2.9036 
    0.00049329       2.9005 
   0.000493591        2.893 
   0.000494031       2.8635 
   0.000494338       2.8561 
   0.000494762       2.8545 
   0.000495163       2.8548 
   0.000495386       2.8517 
   0.000495565       2.8384 
    0.00049577       2.8231 
   0.000496069       2.8163 
   0.000496293       2.8156 
   0.000496592       2.8177 
   0.000496741       2.8212 
   0.000496891       2.8287 
    0.00049719       2.8629 
   0.000497488       2.8879 
   0.000497787        2.889 
   0.000499131       2.8727 
   0.000500102       2.8616 
    0.00050014       2.8549 
   0.000500651       2.8485 
   0.000501102       2.8479 
   0.000501823       2.8513 
   0.000502184       2.8585 
   0.000502256       2.8586 
   0.000503278       2.8562 
   0.000504451       2.8586 
   0.000505234       2.8627 
    0.00050629       2.8589 
   0.000506955       2.8615 
   0.000507221       2.8694 
    0.00050762       2.8952 
   0.000507886       2.9012 
   0.000508019       2.9017 
   0.000508886       2.8961 
   0.000509313       2.8848 
   0.000509779       2.8681 
   0.000510228        2.864 
   0.000510729       2.8681 
    0.00051152       2.8921 
    0.00051225       2.8987 
   0.000513815       2.9014 
   0.000514475       2.8983 
    0.00051464       2.8919 
   0.000514805       2.8766 
   0.000515094       2.8392 
   0.000515291       2.8254 
   0.000515567       2.8187 
   0.000515695        2.818 
   0.000516035       2.8221 
   0.000516248       2.8334 
   0.000516493       2.8526 
   0.000516648       2.8554 
   0.000517275       2.8534 
   0.000517828       2.8558 
   0.000518192       2.8586 
   0.000518687       2.8582 
    0.00051937       2.8616 
   0.000519814       2.8746 
   0.000519967       2.8696 
   0.000520243       2.8529 
   0.000520589       2.8462 
   0.000520865       2.8453 
   0.000521356       2.8484 
   0.000521602       2.8555 
   0.000521971       2.8731 
   0.000522216       2.8801 
   0.000523076       2.8895 
   0.000523568       2.8917 
   0.000523844       2.8885 
   0.000524036       2.8774 
   0.000524456       2.8324 
   0.000524674       2.8199 
   0.000524892       2.8171 
    0.00052511       2.8225 
   0.000525327       2.8366 
   0.000525542       2.8542 
   0.000525685       2.8586 
   0.000525792       2.8526 
   0.000525899       2.8364 
    0.00052603       2.8043 
   0.000526238       2.7458 
   0.000526362       2.7188 
   0.000526446       2.7061 
   0.000526529       2.6975 
   0.000526612       2.6928 
   0.000526696       2.6919 
   0.000526779       2.6948 
   0.000526862       2.7019 
   0.000526945        2.714 
   0.000527028       2.7317 
   0.000527174       2.7745 
   0.000527299         2.81 
   0.000527389       2.8262 
   0.000527506        2.835 
   0.000527637       2.8368 
   0.000528352       2.8344 
   0.000528542       2.8268 
   0.000528733       2.7966 
   0.000528924       2.7513 
   0.000529115       2.7269 
    0.00052921       2.7244 
   0.000529305       2.7273 
     0.0005294       2.7353 
   0.000529496       2.7487 
   0.000529591       2.7677 
   0.000529686       2.7916 
   0.000529877       2.8445 
   0.000529972       2.8658 
   0.000530067       2.8804 
   0.000530187       2.8899 
    0.00053033       2.8928 
   0.000530625       2.8862 
   0.000531127       2.8713 
   0.000531394       2.8686 
   0.000531795       2.8735 
   0.000532196        2.883 
   0.000532464       2.8845 
   0.000534069        2.874 
   0.000538283       2.8635 
   0.000538685       2.8583 
   0.000538852       2.8496 
   0.000539002       2.8327 
   0.000539162       2.8035 
   0.000539398       2.7551 
   0.000539538        2.735 
   0.000539655        2.726 
   0.000539748       2.7239 
   0.000539888       2.7299 
   0.000540029       2.7474 
   0.000540169       2.7762 
   0.000540356       2.8189 
   0.000540473       2.8361 
   0.000540613        2.845 
   0.000541124       2.8482 
   0.000541688        2.856 
   0.000542197       2.8616 
   0.000542413       2.8619 
    0.00054291       2.8589 
   0.000543131       2.8491 
   0.000543512       2.8198 
     0.0005437       2.8125 
    0.00054385       2.8109 
   0.000544075       2.8147 
    0.00054415       2.8181 
   0.000544301        2.829 
   0.000544451       2.8466 
   0.000544601        2.868 
   0.000544752       2.8848 
   0.000544902       2.8933 
   0.000545203       2.8987 
   0.000546633       2.9022 
   0.000546895       2.9022 
   0.000548872        2.899 
   0.000549156       2.8931 
   0.000549333       2.8806 
   0.000549527       2.8547 
   0.000549733       2.8273 
   0.000549926        2.813 
   0.000550163        2.806 
   0.000550341       2.8047 
   0.000550638       2.8076 
   0.000550875       2.8177 
   0.000550993       2.8275 
   0.000551349       2.8708 
   0.000551586       2.8868 
   0.000551823       2.8924 
   0.000552771       2.8976 
   0.000553156       2.8935 
   0.000553379       2.8819 
   0.000553804       2.8443 
   0.000554037       2.8333 
   0.000554223       2.8316 
   0.000554316       2.8328 
   0.000554502       2.8396 
   0.000554771       2.8586 
   0.000555041       2.8784 
   0.000555242       2.8831 
   0.000555377       2.8785 
   0.000555579       2.8599 
   0.000555791        2.838 
   0.000556015       2.8247 
    0.00055627       2.8194 
   0.000556373        2.819 
   0.000556679       2.8225 
   0.000556883       2.8314 
   0.000557088       2.8499 
   0.000557292       2.8745 
   0.000557497       2.8899 
   0.000557804       2.8941 
   0.000558519       2.8891 
   0.000558673        2.883 
   0.000558852       2.8665 
   0.000559094       2.8402 
   0.000559313       2.8274 
   0.000559635       2.8212 
   0.000559804       2.8206 
   0.000560196       2.8239 
    0.00056042       2.8311 
   0.000560756       2.8499 
   0.000560979       2.8578 
    0.00056154       2.8617 
   0.000562044       2.8619 
   0.000563971       2.8601 
   0.000564237       2.8529 
   0.000564482       2.8351 
   0.000564701       2.8155 
    0.00056481       2.8088 
   0.000564919       2.8056 
   0.000565083       2.8082 
   0.000565492       2.8333 
   0.000565547       2.8344 
    0.00056567       2.8305 
   0.000565779       2.8181 
   0.000565951        2.786 
   0.000566135       2.7507 
   0.000566279       2.7318 
   0.000566402       2.7222 
   0.000566567       2.7177 
   0.000566731       2.7218 
   0.000566895       2.7353 
   0.000566977       2.7459 
   0.000567142       2.7747 
   0.000567306       2.8075 
    0.00056747       2.8332 
   0.000567635       2.8473 
   0.000567799       2.8535 
   0.000568456       2.8589 
   0.000570263        2.865 
   0.000570817       2.8541 
   0.000571907       2.8528 
   0.000572764        2.853 
   0.000573192       2.8527 
   0.000573664       2.8569 
   0.000574274       2.8715 
    0.00057468       2.8739 
   0.000575186       2.8701 
   0.000575465       2.8604 
   0.000575642       2.8452 
    0.00057595       2.8074 
   0.000576137       2.7945 
   0.000576409       2.7876 
   0.000576614       2.7866 
   0.000576886       2.7891 
   0.000577158       2.7988 
    0.00057743       2.8153 
   0.000577498       2.8164 
   0.000577566       2.8139 
   0.000577669       2.8013 
   0.000577788        2.774 
   0.000577975       2.7251 
   0.000578103       2.7015 
   0.000578243       2.6862 
   0.000578399       2.6777 
   0.000578617       2.6742 
    0.00057882        2.679 
   0.000578968       2.6913 
   0.000579125       2.7149 
   0.000579304       2.7419 
    0.00057946       2.7541 
   0.000579684       2.7594 
    0.00058031       2.7652 
   0.000580489       2.7724 
   0.000580668       2.7894 
   0.000580847       2.8194 
   0.000581205       2.8664 
   0.000581563       2.8711 
   0.000582278        2.871 
   0.000583352       2.8736 
   0.000583889       2.8769 
   0.000584068        2.871 
   0.000584336       2.8518 
   0.000584627       2.8439 
   0.000585544       2.8418 
   0.000586454       2.8432 
    0.00058706       2.8474 
   0.000587464       2.8429 
   0.000587717       2.8312 
    0.00058808       2.8069 
   0.000588391       2.7989 
   0.000588784       2.7971 
   0.000589234       2.8004 
   0.000589459       2.8093 
   0.000589811       2.8402 
    0.00059004       2.8455 
   0.000590247       2.8458 
   0.000590523       2.8458 
   0.000591296        2.847 
   0.000591517       2.8497 
   0.000591738       2.8579 
    0.00059218       2.8891 
     0.0005924       2.8935 
   0.000592511       2.8935 
   0.000592898       2.8874 
   0.000593146       2.8753 
   0.000593367       2.8545 
   0.000593632       2.8281 
   0.000593862       2.8154 
   0.000594188       2.8096 
   0.000594247       2.8094 
   0.000594604       2.8127 
   0.000594722       2.8165 
   0.000594959       2.8321 
   0.000595434       2.8872 
   0.000595671       2.8979 
   0.000596265       2.9026 
   0.000596502       2.9029 
   0.000596917       2.8997 
   0.000597125         2.89 
   0.000597281       2.8736 
   0.000597493       2.8386 
   0.000597704       2.8033 
   0.000597872       2.7846 
   0.000597998       2.7781 
    0.00059804       2.7774 
   0.000598148       2.7788 
   0.000598257       2.7852 
   0.000598365       2.7962 
   0.000598473       2.8115 
    0.00059869       2.8493 
   0.000598906       2.8811 
   0.000599123       2.8966 
    0.00059934       2.9017 
   0.000600036       2.9036 
     0.0006003       2.9035 
   0.000600563       2.9037 
   0.000603132       2.9007 
   0.000603495       2.8946 
   0.000603659       2.8831 
   0.000603775       2.8666 
   0.000603898       2.8382 
     0.0006042       2.7476 
   0.000604312       2.7215 
   0.000604452       2.6992 
   0.000604592       2.6866 
    0.00060476       2.6813 
   0.000604929        2.685 
   0.000605041       2.6931 
   0.000605153       2.7066 
   0.000605265       2.7266 
   0.000605378       2.7538 
   0.000605602       2.8195 
   0.000605714       2.8477 
   0.000605826       2.8676 
    0.00060605       2.8862 
   0.000606387       2.8924 
   0.000606612       2.8931 
   0.000607004       2.8896 
   0.000607173       2.8811 
   0.000607313       2.8644 
   0.000607631       2.8054 
   0.000607785       2.7873 
   0.000607986       2.7761 
   0.000608364       2.7705 
   0.000608414       2.7704 
   0.000608817       2.7741 
   0.000609207       2.7862 
   0.000609372       2.7801 
   0.000609638       2.7666 
   0.000610019       2.7613 
   0.000610074       2.7612 
   0.000610401       2.7643 
   0.000610619       2.7721 
   0.000610728       2.7796 
   0.000610837       2.7907 
   0.000611055        2.823 
   0.000611274       2.8522 
   0.000611492       2.8661 
   0.000611819       2.8733 
   0.000612037       2.8744 
   0.000612255       2.8699 
   0.000612419       2.8573 
   0.000612726       2.8197 
   0.000612917       2.8074 
   0.000613245       2.8011 
   0.000613588          2.8 
   0.000614087       2.8024 
   0.000614336       2.8088 
   0.000614585       2.8259 
   0.000614835       2.8499 
   0.000615084        2.863 
   0.000615334       2.8683 
   0.000616332        2.876 
   0.000618078       2.8788 
   0.000619824        2.875 
   0.000620198       2.8682 
   0.000620354       2.8577 
   0.000620479       2.8407 
    0.00062065       2.8044 
   0.000620818       2.7692 
   0.000620965       2.7488 
   0.000621153       2.7354 
   0.000621447       2.7283 
   0.000621607       2.7276 
   0.000621929       2.7315 
   0.000622143       2.7418 
   0.000622303       2.7588 
    0.00062249       2.7817 
   0.000622619       2.7869 
   0.000622639        2.787 
   0.000623245       2.7807 
   0.000623325       2.7807 
   0.000623722       2.7837 
   0.000623881        2.788 
    0.00062404       2.7971 
   0.000624199       2.8141 
   0.000624437       2.8506 
   0.000624556       2.8628 
   0.000624636       2.8656 
   0.000624755       2.8606 
   0.000624874       2.8446 
   0.000625127       2.7993 
   0.000625282       2.7824 
   0.000625493       2.7719 
   0.000625892       2.7671 
   0.000625939       2.7671 
   0.000626315       2.7705 
   0.000626503       2.7772 
   0.000626691       2.7923 
   0.000627066       2.8494 
   0.000627254       2.8644 
   0.000627442       2.8678 
   0.000627677       2.8637 
   0.000627888       2.8511 
    0.00062829       2.8149 
   0.000628537       2.8035 
   0.000628904       2.7992 
   0.000629243       2.8038 
   0.000629356       2.8082 
   0.000629582       2.8255 
   0.000629808       2.8559 
   0.000630033       2.8832 
   0.000630485       2.8975 
   0.000633252       2.9011 
   0.000635128       2.8971 
   0.000635789       2.8903 
   0.000636083       2.8804 
   0.000636349       2.8595 
    0.00063662       2.8371 
    0.00063688       2.8264 
    0.00063727       2.8224 
   0.000637617       2.8255 
   0.000637876       2.8351 
    0.00063805       2.8486 
    0.00063831       2.8757 
   0.000638483       2.8874 
   0.000638656       2.8911 
   0.000638873       2.8873 
   0.000639067       2.8744 
   0.000639478         2.83 
    0.00063969       2.8168 
   0.000639952       2.8112 
   0.000640214       2.8145 
   0.000640345       2.8201 
   0.000640476       2.8292 
   0.000640607       2.8424 
   0.000640934       2.8815 
    0.00064113       2.8937 
   0.000641326       2.8967 
   0.000641638       2.8918 
   0.000641992       2.8743 
   0.000642317       2.8571 
   0.000642534       2.8518 
   0.000642752       2.8529 
   0.000642969       2.8604 
   0.000643512       2.8923 
   0.000643838       2.9006 
   0.000644055       2.9015 
   0.000644517       2.8973 
   0.000644734       2.8869 
   0.000644914       2.8673 
   0.000645269       2.8122 
   0.000645425       2.7955 
   0.000645581       2.7871 
   0.000645685       2.7859 
    0.00064579       2.7882 
   0.000645894       2.7941 
    0.00064605       2.8097 
   0.000646389       2.8584 
   0.000646532         2.87 
   0.000646623       2.8719 
   0.000646846       2.8649 
   0.000647196       2.8509 
   0.000647404       2.8489 
   0.000647612       2.8527 
   0.000647923       2.8686 
   0.000648131       2.8826 
   0.000648338       2.8934 
   0.000648754       2.9005 
       0.00065       2.8942 
         0.001       2.8942 
         0.002       2.8943 
         0.003       2.8943 
         0.004       2.8943 
         0.005       2.8944 
         0.006       2.8944 
         0.007       2.8944 
         0.008       2.8945 
         0.009       2.8945 
          0.01       2.8945 
         0.015       2.8947 
          0.02       2.8949 
          0.03       2.8952 
          0.04       2.8955 
          0.05       2.8958 
          0.06        2.896 
          0.07       2.8961 
          0.08       2.8962 
          0.09       2.8963 
           0.1        2.895 
          0.15       2.8973 
           0.2       2.9028 
          0.25       2.9085 
           0.3       2.9144 
          0.35       2.9204 
           0.4       2.9267 
           0.5       2.9396 
           0.6        2.954 
           0.7       2.9682 
           0.8       2.9831 
           0.9       2.9981 
             1       3.0129 
           1.2       3.0442 
           1.4       3.0774 
           1.6       3.1126 
           1.8       3.1456 
             2       3.1755 
           2.2       3.2023 
           2.4       3.2284 
           2.6       3.2568 
           2.8        3.287 
             3       3.3183 
           3.5       3.3797 
             4       3.4534 
           4.5       3.5304 
             5       3.6104 
           5.5        3.686 
             6       3.7659 
           6.5       3.8491 
             7       3.9281 
           7.5       4.0025 
             8       4.0753 
           8.5       4.1534 
             9       4.2338 
           9.5       4.3129 
            10        4.388 
          10.5        4.458 
            11       4.5251 
          11.5       4.5913 
            12       4.6582 
          12.5       4.7288 
            13       4.8002 
          13.5       4.8692 
            14       4.9368 
          14.5       5.0033 
            15       5.0693 
          15.5       5.1352 
            16       5.2007 
          16.5       5.2658 
            17       5.3304 
          17.5       5.3943 
            18       5.4574 
          18.5       5.5197 
            19       5.5812 
          19.5       5.6417 
            20       5.7012 