#EN-MIN     EN-MAX      DATA        ERR-S       ERR-1                 2367700200012 
#EV         EV          B           B           B                     2367700200013 
1.512330E+5 1.540640E+5	1.468435E+0 4.775996E-2 4.419885E-2           0870 
1.540640E+5 1.569480E+5 1.542167E+0 4.986902E-2 4.643193E-2           0871 
1.569480E+5 1.598861E+5 1.417327E+0 4.765367E-2 4.268614E-2           0872 
1.598861E+5 1.628791E+5 1.663962E+0 5.034747E-2 5.012956E-2           0873 
1.628791E+5 1.659281E+5 1.541267E+0 4.588567E-2 4.644774E-2           0874 
1.659281E+5 1.690342E+5 1.455714E+0 4.297746E-2 4.387630E-2           0875 
1.690342E+5 1.721984E+5 1.455475E+0 4.234125E-2 4.387303E-2           0876 
1.721984E+5 1.754219E+5 1.511787E+0 4.236165E-2 4.557462E-2           0877 
1.754219E+5 1.787058E+5 1.452466E+0 4.090938E-2 4.379035E-2           0878 
1.787058E+5 1.820511E+5 1.619048E+0 4.308404E-2 4.881725E-2           0879 
1.820511E+5 1.854590E+5 1.480421E+0 4.049454E-2 4.464168E-2           0880 
1.854590E+5 1.889307E+5 1.386527E+0 3.916181E-2 4.181444E-2           0881 
1.889307E+5 1.924674E+5 1.495465E+0 4.036861E-2 4.510425E-2           0882 
1.924674E+5 1.960703E+5 1.500081E+0 4.035765E-2 4.524807E-2           0883 
1.960703E+5 1.997407E+5 1.473432E+0 4.051889E-2 4.444883E-2           0884 
1.997407E+5 2.034797E+5 1.483911E+0 4.201716E-2 4.476967E-2           0885 
2.034797E+5 2.072888E+5 1.487702E+0 4.214722E-2 4.488886E-2           0886 
2.072888E+5 2.111692E+5 1.599474E+0 4.299162E-2 4.826667E-2           0887 
2.111692E+5 2.151222E+5 1.535955E+0 4.121292E-2 4.635505E-2           0888 
2.151222E+5 2.191492E+5 1.511069E+0 4.011234E-2 4.560918E-2           0889 
2.191492E+5 2.232515E+5 1.509259E+0 4.019634E-2 4.555982E-2           0890 
2.232515E+5 2.274307E+5 1.561581E+0 4.011991E-2 4.714481E-2           0891 
2.274307E+5 2.316881E+5 1.577013E+0 3.946031E-2 4.761640E-2           0892 
2.316881E+5 2.360252E+5 1.573539E+0 3.841267E-2 4.751732E-2           0893 
2.360252E+5 2.404435E+5 1.475182E+0 3.626231E-2 4.455271E-2           0894 
2.404435E+5 2.449445E+5 1.502061E+0 3.597337E-2 4.537026E-2           0895 
2.449445E+5 2.495298E+5 1.498076E+0 3.549326E-2 4.525573E-2           0896 
2.495298E+5 2.542009E+5 1.559221E+0 3.640070E-2 4.710904E-2           0897 
2.542009E+5 2.589594E+5 1.422230E+0 3.439126E-2 4.298544E-2           0898 
2.589594E+5 2.638071E+5 1.519404E+0 3.460638E-2 4.594156E-2           0899 
2.638071E+5 2.687454E+5 1.467997E+0 3.333223E-2 4.440606E-2           0900 
2.687454E+5 2.737762E+5 1.578953E+0 3.515498E-2 4.778304E-2           0901 
2.737762E+5 2.789012E+5 1.601297E+0 3.815697E-2 4.848058E-2           0902 
2.789012E+5 2.841221E+5 1.494507E+0 3.773984E-2 4.526768E-2           0903 
2.841221E+5 2.894408E+5 1.543258E+0 3.808989E-2 4.676567E-2           0904 
2.894408E+5 2.948590E+5 1.619704E+0 3.788667E-2 4.910504E-2           0905 
2.948590E+5 3.003786E+5 1.584318E+0 3.653354E-2 4.805494E-2           0906 
3.003786E+5 3.060016E+5 1.560561E+0 3.544687E-2 4.735716E-2           0907 
3.060016E+5 3.117298E+5 1.563607E+0 3.553387E-2 4.747291E-2           0908 
3.117298E+5 3.175653E+5 1.511263E+0 3.499790E-2 4.590659E-2           0909 
3.175653E+5 3.235100E+5 1.588939E+0 3.452424E-2 4.829064E-2           0910 
3.235100E+5 3.295660E+5 1.589269E+0 3.346428E-2 4.832569E-2           0911 
3.295660E+5 3.357353E+5 1.615150E+0 3.311012E-2 4.913859E-2           0912 
3.357353E+5 3.420201E+5 1.570882E+0 3.255749E-2 4.781746E-2           0913 
3.420201E+5 3.484226E+5 1.538228E+0 3.275565E-2 4.684908E-2           0914 
3.484226E+5 3.549450E+5 1.525830E+0 3.373549E-2 4.649734E-2           0915 
3.549450E+5 3.615894E+5 1.620312E+0 3.454822E-2 4.940452E-2           0916 
3.615894E+5 3.683582E+5 1.414890E+0 3.310167E-2 4.316594E-2           0917 
3.683582E+5 3.752537E+5 1.466271E+0 3.217166E-2 4.475975E-2           0918 
3.752537E+5 3.822783E+5 1.653066E+0 3.237111E-2 5.049209E-2           0919 
3.822783E+5 3.894344E+5 1.515945E+0 3.145920E-2 4.633200E-2           0920 
3.894344E+5 3.967245E+5 1.539124E+0 3.194027E-2 4.708548E-2           0921 
3.967245E+5 4.041510E+5 1.518489E+0 3.268155E-2 4.650114E-2           0922 
4.041510E+5 4.117165E+5 1.592423E+0 3.534325E-2 4.881540E-2           0923 
4.117165E+5 4.194237E+5 1.592145E+0 3.790318E-2 4.885794E-2           0924 
4.194237E+5 4.272751E+5 1.602826E+0 4.053573E-2 4.923807E-2           0925 
4.272751E+5 4.352735E+5 1.644451E+0 4.067162E-2 5.057151E-2           0926 
4.352735E+5 4.434217E+5 1.507558E+0 3.651997E-2 4.641278E-2           0927 
4.434217E+5 4.517224E+5 1.548594E+0 3.475634E-2 4.772964E-2           0928 
4.517224E+5 4.601784E+5 1.600905E+0 3.306126E-2 4.939828E-2           0929 
4.601784E+5 4.687928E+5 1.593010E+0 3.080941E-2 4.921176E-2           0930 
4.687928E+5 4.775684E+5 1.506246E+0 2.831896E-2 4.658643E-2           0931 
4.775684E+5 4.865083E+5 1.559632E+0 2.709599E-2 4.829564E-2           0932 
4.865083E+5 4.956155E+5 1.623329E+0 2.690145E-2 5.032960E-2           0933 
4.956155E+5 5.048932E+5 1.617599E+0 2.654647E-2 5.021441E-2           0934 
5.048932E+5 5.143446E+5 1.646037E+0 2.719528E-2 5.116195E-2           0935 
5.143446E+5 5.239730E+5 1.605866E+0 2.907550E-2 4.997769E-2           0936 
5.239730E+5 5.337815E+5 1.519379E+0 2.739529E-2 4.734807E-2           0937 
5.337815E+5 5.437737E+5 1.601015E+0 2.703099E-2 4.995867E-2           0938 
5.437737E+5 5.539529E+5 1.654061E+0 2.723163E-2 5.168399E-2           0939 
5.539529E+5 5.643227E+5 1.570387E+0 2.694491E-2 4.913725E-2           0940 
5.643227E+5 5.748866E+5 1.586088E+0 2.726861E-2 4.969825E-2           0941 
5.748866E+5 5.856483E+5 1.589384E+0 2.634858E-2 4.987271E-2           0942 
5.856483E+5 5.966114E+5 1.539876E+0 2.543415E-2 4.838946E-2           0943 
5.966114E+5 6.077797E+5 1.636038E+0 2.611813E-2 5.148867E-2           0944 
6.077797E+5 6.191571E+5 1.557613E+0 2.572226E-2 4.909557E-2           0945 
6.191571E+5 6.307474E+5 1.592593E+0 2.649634E-2 5.027629E-2           0946 
6.307474E+5 6.425548E+5 1.625036E+0 2.657516E-2 5.138173E-2           0947 
6.425548E+5 6.545831E+5 1.576886E+0 2.606012E-2 4.993964E-2           0948 
6.545831E+5 6.668367E+5 1.689464E+0 2.621095E-2 5.359261E-2           0949 
6.668367E+5 6.793196E+5 1.628649E+0 2.497428E-2 5.174957E-2           0950 
6.793196E+5 6.920362E+5 1.567077E+0 2.459239E-2 4.987754E-2           0951 
6.920362E+5 7.049908E+5 1.656191E+0 2.565142E-2 5.280474E-2           0952 
7.049908E+5 7.181880E+5 1.601399E+0 2.585484E-2 5.114730E-2           0953 
7.181880E+5 7.316322E+5 1.666160E+0 2.591098E-2 5.331058E-2           0954 
7.316322E+5 7.453280E+5 1.698674E+0 2.554089E-2 5.444944E-2           0955 
7.453280E+5 7.592803E+5 1.693674E+0 2.541199E-2 5.438924E-2           0956 
7.592803E+5 7.734937E+5 1.716831E+0 2.599125E-2 5.523622E-2           0957 
7.734937E+5 7.879732E+5 1.631172E+0 2.624086E-2 5.258030E-2           0958 
7.879732E+5 8.027237E+5 1.778619E+0 2.798685E-2 5.744432E-2           0959 
8.027237E+5 8.177504E+5 1.583595E+0 2.643300E-2 5.124637E-2           0960 
8.177504E+5 8.330583E+5 1.761086E+0 2.733455E-2 5.710431E-2           0961 
8.330583E+5 8.486529E+5 1.727120E+0 2.733834E-2 5.611700E-2           0962 
8.486529E+5 8.645393E+5 1.625652E+0 2.572038E-2 5.292952E-2           0963 
8.645393E+5 8.807231E+5 1.693848E+0 2.537926E-2 5.526600E-2           0964 
8.807231E+5 8.972099E+5 1.692611E+0 2.480709E-2 5.534380E-2           0965 
8.972099E+5 9.140053E+5 1.659770E+0 2.453372E-2 5.438615E-2           0966 
9.140053E+5 9.311151E+5 1.654051E+0 2.521887E-2 5.430033E-2           0967 
9.311151E+5 9.485452E+5 1.660356E+0 2.639325E-2 5.461113E-2           0968 
9.485452E+5 9.663016E+5 1.767533E+0 2.827995E-2 5.824893E-2           0969 
9.663016E+5 9.843904E+5 1.695498E+0 2.830350E-2 5.598509E-2           0970 
9.843904E+5 1.002818E+6 1.799777E+0 2.941313E-2 5.954734E-2           0971 
1.002818E+6 1.021590E+6 1.730118E+0 2.895951E-2 5.735914E-2           0972 
1.021590E+6 1.040714E+6 1.716845E+0 2.767866E-2 5.703690E-2           0973 
1.040714E+6 1.060196E+6 1.710278E+0 2.577552E-2 5.693830E-2           0974 
1.060196E+6 1.080042E+6 1.818700E+0 2.543534E-2 6.067736E-2           0975 
1.080042E+6 1.100260E+6 1.779664E+0 2.515217E-2 5.950413E-2           0976 
1.100260E+6 1.120856E+6 1.697540E+0 2.540161E-2 5.688371E-2           0977 
1.120856E+6 1.141838E+6 1.770519E+0 2.561339E-2 5.946249E-2           0978 
1.141838E+6 1.163213E+6 1.745141E+0 2.533554E-2 5.874404E-2           0979 
1.163213E+6 1.184988E+6 1.742538E+0 2.472038E-2 5.879256E-2           0980 
1.184988E+6 1.207171E+6 1.897362E+0 2.505120E-2 6.416729E-2           0981 
1.207171E+6 1.229768E+6 1.808416E+0 2.448043E-2 6.130582E-2           0982 
1.229768E+6 1.252789E+6 1.897098E+0 2.523684E-2 6.446886E-2           0983 
1.252789E+6 1.276241E+6 1.880026E+0 2.564356E-2 6.404691E-2           0984 
1.276241E+6 1.300131E+6 1.818606E+0 2.613618E-2 6.211041E-2           0985 
1.300131E+6 1.324469E+6 1.867355E+0 2.684180E-2 6.393841E-2           0986 
1.324469E+6 1.349263E+6 1.976811E+0 2.639333E-2 6.786204E-2           0987 
1.349263E+6 1.374521E+6 1.937520E+0 2.568039E-2 6.668881E-2           0988 
1.374521E+6 1.400251E+6 1.918538E+0 2.536213E-2 6.620784E-2           0989 
1.400251E+6 1.426463E+6 1.967227E+0 2.581475E-2 6.804872E-2           0990 
1.426463E+6 1.453166E+6 1.936311E+0 2.581615E-2 6.714041E-2           0991 
1.453166E+6 1.480369E+6 1.988204E+0 2.621507E-2 6.910829E-2           0992 
1.480369E+6 1.508081E+6 1.958590E+0 2.500825E-2 6.824804E-2           0993 
1.508081E+6 1.536311E+6 1.934457E+0 2.491752E-2 6.757727E-2           0994 
1.536311E+6 1.565070E+6 2.000257E+0 2.515257E-2 7.005514E-2           0995 
1.565070E+6 1.594368E+6 1.905761E+0 2.452009E-2 6.691957E-2           0996 
1.594368E+6 1.624214E+6 1.991865E+0 2.541705E-2 7.012831E-2           0997 
1.624214E+6 1.654618E+6 1.948322E+0 2.608297E-2 6.877985E-2           0998 
1.654618E+6 1.685592E+6 2.035048E+0 2.705098E-2 7.203785E-2           0999 
1.685592E+6 1.717146E+6 1.917541E+0 2.670535E-2 6.806678E-2           1000 
1.717146E+6 1.749290E+6 1.810965E+0 2.558548E-2 6.446505E-2           1001 
1.749290E+6 1.782036E+6 1.962596E+0 2.537360E-2 7.006290E-2           1002 
1.782036E+6 1.815395E+6 2.009104E+0 2.501173E-2 7.193204E-2           1003 
1.815395E+6 1.849379E+6 1.871698E+0 2.481053E-2 6.721067E-2           1004 
1.849379E+6 1.883998E+6 2.040376E+0 2.711702E-2 7.348783E-2           1005 
1.883998E+6 1.919266E+6 1.868992E+0 2.655911E-2 6.752048E-2           1006 
1.919266E+6 1.955194E+6 1.938451E+0 2.687614E-2 7.024680E-2           1007 
1.955194E+6 1.991794E+6 2.040494E+0 2.648572E-2 7.417742E-2           1008 
1.991794E+6 2.029080E+6 1.950964E+0 2.763598E-2 7.114940E-2           1009 
2.029080E+6 2.067063E+6 2.005999E+0 2.775503E-2 7.339387E-2           1010 
2.067063E+6 2.105758E+6 1.985431E+0 2.728600E-2 7.288074E-2           1011 
2.105758E+6 2.145177E+6 1.965510E+0 2.716922E-2 7.238021E-2           1012 
2.145177E+6 2.185334E+6 1.991341E+0 2.810902E-2 7.354428E-2           1013 
2.185334E+6 2.226242E+6 1.918403E+0 2.699088E-2 7.105940E-2           1014 
2.226242E+6 2.267917E+6 1.990794E+0 2.843255E-2 7.396168E-2           1015 
2.267917E+6 2.310371E+6 1.895923E+0 2.771938E-2 7.065126E-2           1016 
2.310371E+6 2.353620E+6 2.004048E+0 2.807492E-2 7.491120E-2           1017 
2.353620E+6 2.397679E+6 1.859278E+0 2.725968E-2 6.971775E-2           1018 
2.397679E+6 2.442563E+6 1.958061E+0 2.747010E-2 7.365573E-2           1019 
2.442563E+6 2.488287E+6 1.833792E+0 2.837798E-2 6.920432E-2           1020 
2.488287E+6 2.534866E+6 1.943687E+0 3.000697E-2 7.359254E-2           1021 
2.534866E+6 2.582318E+6 1.900122E+0 3.019416E-2 7.218304E-2           1022 
2.582318E+6 2.630658E+6 1.956462E+0 3.161907E-2 7.457505E-2           1023 
2.630658E+6 2.679903E+6 1.981793E+0 3.217323E-2 7.580034E-2           1024 
2.679903E+6 2.730070E+6 2.024692E+0 3.311627E-2 7.771152E-2           1025 
2.730070E+6 2.781175E+6 1.836292E+0 3.167739E-2 7.073012E-2           1026 
2.781175E+6 2.833238E+6 1.953523E+0 3.282423E-2 7.551631E-2           1027 
2.833238E+6 2.886275E+6 1.825625E+0 3.217081E-2 7.082997E-2           1028 
2.886275E+6 2.940305E+6 1.912872E+0 3.371512E-2 7.449002E-2           1029 
2.940305E+6 2.995346E+6 1.854313E+0 3.353169E-2 7.248127E-2           1030 
2.995346E+6 3.051418E+6 1.897335E+0 3.424866E-2 7.444607E-2           1031 
3.051418E+6 3.108539E+6 1.821219E+0 3.407943E-2 7.173639E-2           1032 
3.108539E+6 3.166730E+6 1.913014E+0 3.586451E-2 7.564839E-2           1033 
3.166730E+6 3.226010E+6 1.808662E+0 3.682321E-2 7.180725E-2           1034 
3.226010E+6 3.286399E+6 1.840404E+0 3.841966E-2 7.333207E-2           1035 
3.286399E+6 3.347919E+6 1.825175E+0 3.856545E-2 7.294565E-2           1036 
3.347919E+6 3.410591E+6 1.970611E+0 4.022509E-2 7.900060E-2           1037 
3.410591E+6 3.474436E+6 1.718200E+0 3.775525E-2 6.909694E-2           1038 
3.474436E+6 3.539476E+6 1.777529E+0 3.864029E-2 7.170978E-2           1039 
3.539476E+6 3.605734E+6 1.790668E+0 4.032957E-2 7.247271E-2           1040 
3.605734E+6 3.673232E+6 1.781437E+0 4.103072E-2 7.233514E-2           1041 
3.673232E+6 3.741993E+6 1.799893E+0 4.163447E-2 7.332748E-2           1042 
3.741993E+6 3.812042E+6 1.807148E+0 4.171054E-2 7.387150E-2           1043 
3.812042E+6 3.883401E+6 1.796559E+0 4.091511E-2 7.369029E-2           1044 
3.883401E+6 3.956097E+6 1.712517E+0 4.051768E-2 7.048746E-2           1045 
3.956097E+6 4.030154E+6 1.809776E+0 4.145360E-2 7.475373E-2           1046 
4.030154E+6 4.105597E+6 1.842698E+0 4.243863E-2 7.638649E-2           1047 
4.105597E+6 4.182452E+6 1.766917E+0 4.241272E-2 7.351164E-2           1048 
4.182452E+6 4.260745E+6 1.712292E+0 4.169250E-2 7.150213E-2           1049 
4.260745E+6 4.340505E+6 1.699772E+0 4.403275E-2 7.124545E-2           1050 
4.340505E+6 4.421757E+6 1.764344E+0 4.484113E-2 7.423333E-2           1051 
4.421757E+6 4.504531E+6 1.890229E+0 4.673306E-2 7.983697E-2           1052 
4.504531E+6 4.588854E+6 1.630940E+0 4.368563E-2 6.915539E-2           1053 
4.588854E+6 4.674755E+6 1.722540E+0 4.421760E-2 7.332988E-2           1054 
4.674755E+6 4.762265E+6 1.767017E+0 4.596536E-2 7.552683E-2           1055 
4.762265E+6 4.851413E+6 1.711559E+0 4.639296E-2 7.345591E-2           1056 
4.851413E+6 4.942229E+6 1.805927E+0 4.770856E-2 7.782789E-2           1057 
4.942229E+6 5.034746E+6 1.505190E+0 4.393856E-2 6.506110E-2           1058 
5.034746E+6 5.128994E+6 1.712187E+0 4.887018E-2 7.414116E-2           1059 
5.128994E+6 5.225007E+6 1.611456E+0 4.572654E-2 6.990652E-2           1060 
5.225007E+6 5.322817E+6 1.704703E+0 4.749032E-2 7.408875E-2           1061 
5.322817E+6 5.422458E+6 1.663858E+0 4.709570E-2 7.244988E-2           1062 
5.422458E+6 5.523964E+6 1.787849E+0 4.941521E-2 7.799809E-2           1063 
5.523964E+6 5.627370E+6 1.679435E+0 4.921610E-2 7.341113E-2           1064 
5.627370E+6 5.732713E+6 1.650585E+0 4.891536E-2 7.229300E-2           1065 
5.732713E+6 5.840027E+6 1.753768E+0 5.005228E-2 7.696700E-2           1066 
5.840027E+6 5.949350E+6 1.676773E+0 4.895002E-2 7.373866E-2           1067 
5.949350E+6 6.060719E+6 1.716282E+0 4.940215E-2 7.563331E-2           1068 
6.060719E+6 6.174173E+6 1.835681E+0 5.071505E-2 8.106624E-2           1069 
6.174173E+6 6.289751E+6 1.839204E+0 5.197250E-2 8.139660E-2           1070 
6.289751E+6 6.407493E+6 1.863303E+0 5.187452E-2 8.264349E-2           1071 
6.407493E+6 6.527439E+6 1.843895E+0 5.219327E-2 8.196455E-2           1072 
6.527439E+6 6.649630E+6 1.964287E+0 5.448176E-2 8.751356E-2           1073 
6.649630E+6 6.774108E+6 1.968211E+0 5.487548E-2 8.788979E-2           1074 
6.774108E+6 6.900917E+6 2.119698E+0 5.702164E-2 9.487542E-2           1075 
6.900917E+6 7.030099E+6 2.042141E+0 5.599218E-2 9.162097E-2           1076 
7.030099E+6 7.161700E+6 2.054709E+0 5.736435E-2 9.240715E-2           1077 
7.161700E+6 7.295764E+6 2.136954E+0 5.906614E-2 9.634156E-2           1078 
7.295764E+6 7.432337E+6 2.126740E+0 5.881198E-2 9.611987E-2           1079 
7.432337E+6 7.571468E+6 2.119861E+0 5.928093E-2 9.605147E-2           1080 
7.571468E+6 7.713203E+6 2.170017E+0 6.167983E-2 9.843173E-2           1081 
7.713203E+6 7.857591E+6 2.298243E+0 6.320488E-2 1.042597E-1           1082 
7.857591E+6 8.004682E+6 2.400344E+0 6.498786E-2 1.089039E-1           1083 
8.004682E+6 8.154526E+6 2.254509E+0 6.396808E-2 1.022992E-1           1084 
8.154526E+6 8.307176E+6 2.287704E+0 6.523571E-2 1.038177E-1           1085 
8.307176E+6 8.462683E+6 2.274316E+0 6.478912E-2 1.032225E-1           1086 
8.462683E+6 8.621101E+6 2.367523E+0 6.690519E-2 1.074659E-1           1087 
8.621101E+6 8.782484E+6 2.298398E+0 6.558420E-2 1.043412E-1           1088 
8.782484E+6 8.946889E+6 2.214461E+0 6.407904E-2 1.005434E-1           1089 
8.946889E+6 9.114371E+6 2.331399E+0 6.769275E-2 1.058665E-1           1090 
9.114371E+6 9.284988E+6 2.213074E+0 6.574694E-2 1.005067E-1           1091 
9.284988E+6 9.458799E+6 2.301028E+0 6.742644E-2 1.045151E-1           1092 
9.458799E+6 9.635864E+6 2.444015E+0 7.031816E-2 1.110249E-1           1093 
9.635864E+6 9.816244E+6 2.295845E+0 6.895396E-2 1.043085E-1           1094 
9.816244E+6 1.000000E+7 2.225180E+0 6.826518E-2 1.011123E-1           1095   