#Einc (MeV) Data(b) Ratio Data(none) Total (%) Ratio (%) Isotope (%) Reference unc. (%) Normalization unc. (%) Eunc. Unc. (%)
0.20099999999999998 1.3850066851493772 1.033 5.022980499499988 4.93975517518598 4.515528359308467 0.910577787770199 2.0 0.10575834273312654
0.20299999999999999 1.4319091032662659 1.069 4.907840544770522 4.816540600226695 4.380637977698328 0.942250210539263 2.0 0.09525892073310849
0.205 1.4961162861423223 1.118 4.854006085244521 4.7567925097829145 4.315087695545473 0.9665920000000001 2.0 0.08422090523679945
0.208 1.5220370788781465 1.139 4.908461321346144 4.822361951301073 4.387478879080806 0.9153238518660158 2.0 0.0721378886309147
0.21 1.5205826985976831 1.139 4.834057498909673 4.756486810390679 4.315085589490445 0.8625225361370861 2.0 0.06483157249665251
0.213 1.5037533487017258 1.129 4.839237488915652 4.75634936065129 4.315084326086765 0.8918297110764597 2.0 0.053911959046812744
0.215 1.4912741453949996 1.122 4.702752734667057 4.61433460050986 4.15811802058822 0.9076340000000002 2.0 0.0462421055098928
0.218 1.485215743621317 1.121 4.575711768194781 4.491266238394084 4.021185717202255 0.8750232919515157 2.0 0.0392154549524346
0.22 1.49660588 1.132 4.697468056281563 4.614226122930384 4.158115836022985 0.8804109416928723 2.0 0.03399128929635005
0.223 1.5076339599999997 1.148 4.594941987306402 4.491168789399489 4.021183458554879 0.9710276885008184 2.0 0.026089988897929815
0.22499999999999998 1.5100354500000002 1.155 4.674360121423707 4.574969200678322 4.114597081436042 0.9588010000000003 2.0 0.020833736900986385
0.22799999999999998 1.49205693 1.149 4.400754479082134 4.312779487510067 3.8209813198459326 0.8755415908304237 2.0 0.012986965620532745
0.22999999999999998 1.4814227399999997 1.146 4.351721166399713 4.248522987145409 3.748318420768315 0.9420878609706858 2.0 0.0075225548772197
0.23299999999999998 1.501617972 1.158 4.408580751753947 4.312785346982049 3.8209789439357027 0.9140387276217132 2.0 0.015406464327572497
0.236 1.5178175999999999 1.17 4.430655927302713 4.312820188128713 3.8209775186484056 1.0150339752993824 2.0 0.023425992274936407
0.239 1.5089802700000001 1.169 4.310319023088586 4.192955746713366 3.6850859294622507 0.9989855789262935 2.0 0.031930962653568734
0.241 1.493152992 1.158 4.229445529089272 4.1293224337878955 3.6124577572639556 0.9148255141551533 2.0 0.038114487632159716
0.244 1.47894612 1.145 4.168682070487079 4.075423219053835 3.549625354879019 0.8768328178149559 2.0 0.09609502798335344
0.247 1.4671891199999998 1.14 4.201443274830124 4.134273258483927 3.612454743449539 0.7482714853580722 2.0 0.20587885356256277
0.25 1.47203692 1.151 4.087248335016334 4.015611978511621 3.4770416144230647 0.7618788552832927 2.0 0.1879392815147029
0.253 1.4910715792056786 1.169 4.02562813040715 3.9598290184932536 3.414646029221189 0.7248696356063786 2.0 0.14296276027417842
0.256 1.5048950877336489 1.183 3.926656923545864 3.8431009021564932 3.2802128929095313 0.8057357203665578 2.0 0.09812197178072468
0.259 1.5059362155957412 1.187 3.9298927295909394 3.84290657158666 3.280211234391987 0.8222687809638559 2.0 0.09025062721407223
0.262 1.5030657960349856 1.188 3.832248580545662 3.70933282800224 3.122462948241419 0.9627975665731329 2.0 0.0968254396044972
0.265 1.4999379538033395 1.19 3.753062756121727 3.59728690110867 2.988271069621561 1.0700500000000002 2.0 0.10348460441451168
0.26799999999999996 1.5005581838987545 1.195 3.7307418433209527 3.5974795689783354 2.9882692498202847 0.9882183221784898 2.0 0.11002790461997979
0.27099999999999996 1.5123893471163532 1.209 3.579738975037075 3.487572102860978 2.854775338760195 0.807076177783328 2.0 0.11583150633898608
0.27399999999999997 1.5477649383673469 1.242 3.6253747835165773 3.537156557288922 2.915429875962187 0.794899874314904 2.0 0.10837503918859412
0.27699999999999997 1.5853873733058084 1.277 3.9463301845663503 3.856041008616502 3.295409001929806 0.8393269121667166 2.0 0.09660108763451333
0.27999999999999997 1.5874262336702731 1.281 3.8335204444977298 3.7426344230655078 3.162231746699585 0.8297991164536053 2.0 0.08719406447790508
0.284 1.553874461588785 1.257 3.6723007161654877 3.596590748691489 2.9882595483985392 0.7418406408227798 2.0 0.0759597589396174
0.287 1.528677039190031 1.238 3.561281485463431 3.4862816283621387 2.8547651850722895 0.7270256023340945 2.0 0.06689790994150623
0.29 1.5380677086292835 1.247 3.5638602669283994 3.4860865936551204 2.854763282076854 0.7404730000000002 2.0 0.05591369928514474
0.293 1.559753845046729 1.266 3.5198261775585418 3.4382601156430432 2.796365951190081 0.7533549610938148 2.0 0.04438569416495891
0.297 1.563573152990654 1.271 3.415624801378319 3.331743820645151 2.6645164758977526 0.7523136961291723 2.0 0.029476025454061455
0.3 1.54338536 1.256 3.3569454515865376 3.272608988919822 2.5902967378434933 0.7477387047416518 2.0 0.01823195755196887
0.304 1.5143254828 1.231 3.3636621330360787 3.2725652945916943 2.590293943178286 0.7775212780720522 2.0 0.007803544060804068
0.307 1.4983343768 1.217 3.2740432217771542 3.1701189915525188 2.4595958723516462 0.8183548114741998 2.0 0.006524209737737794
0.311 1.503673424 1.22 3.2311189516022063 3.1144210913542127 2.3873829566914533 0.8605294562831519 2.0 0.0046208625968460915
0.314 1.5246440687999998 1.236 3.2874579539943065 3.17010981324588 2.4595907237983803 0.8705076514555203 2.0 0.0031143928441515947
0.318 1.5423646204 1.249 3.381092697396399 3.272548439051131 2.590284165846425 0.8498320672057885 2.0 0.0011072945790030642
0.322 1.5477579568 1.252 3.368427461352423 3.2725461768107724 2.5902813734648613 0.7979630837540831 2.0 0.000941084372595564
0.326 1.5472795841999998 1.251 3.256180201125245 3.1701029208871434 2.459581901512518 0.7437452340572299 2.0 0.003065741225924187
0.32899999999999996 1.5531703175999996 1.257 3.2532898196807656 3.170103192468646 2.4595796966921326 0.7309859095349273 2.0 0.004686845393027113
0.33299999999999996 1.5647038848 1.268 3.1581493047420355 3.070757578401462 2.3301325768155747 0.7378041242312168 2.0 0.005854893066522955
0.33699999999999997 1.5688075192 1.273 3.0866154269543356 2.9949206494521063 2.229238293529618 0.7467563842364324 2.0 0.0068064069655984286
0.34099999999999997 1.563048944 1.27 3.0860352661318124 2.9949204972894115 2.2292350517128345 0.7443553443920384 2.0 0.007737525388173654
0.345 1.5536127359999998 1.264 3.042092949850539 2.9528764334079205 2.1724351462992013 0.7313345913837757 2.0 0.0021831399055728326
0.349 1.5392860031999998 1.254 3.040088609140535 2.95288323010735 2.1724318209351403 0.722924187433797 2.0 0.007704157166509642
0.353 1.5323470000000001 1.25 2.9938484456126444 2.9004634453961318 2.0998679889440037 0.7419166511260201 2.0 0.056944069818226896
0.357 1.5474575616 1.264 3.0024895925115054 2.90157110318073 2.099864549921382 0.771899531238663 2.0 0.09840598963940247
0.361 1.5661905671999998 1.281 3.079779338014932 2.976639693937912 2.2021391163334685 0.7903523918714389 2.0 0.10472430396444266
0.365 1.560448224 1.278 3.058510458762837 2.9550178775996034 2.1724185255148236 0.7888951574375366 2.0 0.11282024168235083
0.369 1.5376442328 1.261 2.964197748980518 2.862259426223125 2.044355109798363 0.7706745565139929 2.0 0.11463510825420871
0.374 1.5229121058 1.251 2.9086129737678608 2.8105154726375536 1.972148517448935 0.7490208336459188 2.0 0.09811955492692796
0.378 1.5281758782 1.257 2.9120352763702715 2.810032124451216 1.9721448592294442 0.7639822709834756 2.0 0.08321775449200167
0.382 1.5443471567999998 1.272 2.9198215194522055 2.809739774349886 1.9721412016736637 0.7941788878410447 2.0 0.07277829501234784
0.38699999999999996 1.5563112336 1.284 2.974775616746772 2.860625955004344 2.044339230656204 0.8161550805739207 2.0 0.06211251439537539
0.39099999999999996 1.5578584164 1.287 2.9736344568336337 2.860452922629093 2.0443357037199474 0.8125952007555417 2.0 0.0536884817552837
0.39599999999999996 1.5479965241999998 1.281 2.9196674827457905 2.8089716033564454 1.972128405455209 0.7963270316523609 2.0 0.032109513536842535
0.39999999999999997 1.536262765 1.273 2.8667087926163664 2.7512483037302644 1.8892527710864553 0.8053893920864178 2.0 0.009549645061726125
0.40499999999999997 1.534884624 1.274 2.883656684191751 2.7513001411072913 1.8892480034646169 0.8636106795464973 2.0 0.019860711516977433
0.41 1.546732642 1.286 2.8975063621121975 2.7515624634662235 1.8892432369243677 0.9079907092720435 2.0 0.043081110615319426
0.415 1.5549298099999997 1.295 2.8960625063383794 2.751376721464731 1.889238471465716 0.903938148990804 2.0 0.02918666393915343
0.419 1.5516286712000003 1.294 2.884141010216389 2.7512778835684912 1.8892346598775505 0.8652972750441883 2.0 0.017955292547664578
0.424 1.5466090136000001 1.292 2.865291309577316 2.7512866176422963 1.8892298963657952 0.8001976232917106 2.0 0.019709162723791848
0.429 1.55018552 1.3 2.8618493059098586 2.752571416158767 1.8892251339356605 0.7832828663276498 2.0 0.0864742410204774
0.434 1.5611527459999999 1.315 2.8700560470408454 2.7555109406470364 1.8892203725871544 0.8027335604857992 2.0 0.15390558088375977
0.439 1.5719621120000002 1.33 2.872891481856202 2.7575632009375806 1.8892156123202852 0.8058229702340393 2.0 0.18713411589126444
0.444 1.5732003028 1.337 2.7843067580291954 2.6727146095681173 1.7632690230374108 0.7803593650416419 2.0 0.1851640801979368
0.44899999999999995 1.5673364112000001 1.338 2.777048178556498 2.6726249285934487 1.7632639250844246 0.7543689926586513 2.0 0.18391394573279568
0.45499999999999996 1.5612179200000003 1.34 2.7398939001936795 2.623401439654207 1.6908808654780114 0.7904324580498738 2.0 0.15217428278161044
0.45999999999999996 1.558806144 1.344 2.718410943847068 2.589307950527693 1.6398353979077913 0.8277936922697504 2.0 0.12432027362629212
0.46499999999999997 1.557506836 1.349 2.7006206157267103 2.5706385451500897 1.6121545110054964 0.8277494670954161 2.0 0.09560524282693246
0.47 1.5538563040000002 1.352 2.703495262101486 2.5872934638672 1.6398244438389038 0.7840912982779805 2.0 0.0711565988392106
0.476 1.547554323335871 1.353 2.6663541546380713 2.5694109460067946 1.6121422577345814 0.7124407824487404 2.0 0.053571916952615685
0.481 1.5516081831047133 1.358 2.6619931642424772 2.569134151008944 1.6121366900857572 0.6969629262688434 2.0 0.03828287293014671
0.487 1.55987992133158 1.367 2.6605119372308854 2.5689179370413293 1.6121300105735068 0.6920869893989898 2.0 0.01939577946218056
0.493 1.5669855488269082 1.375 2.6125702947973495 2.52367621597342 1.539136654236141 0.6757084446620376 2.0 5.154316245213491e-05
0.498 1.5709915886774168 1.38 2.5869645353777107 2.493856013336449 1.4896052170994558 0.6877991654892068 2.0 0.019852265473960098
0.504 1.5723718663353865 1.383 2.609402785247059 2.4941746215427627 1.489597993802521 0.7668610388506685 2.0 0.0447756586494062
0.51 1.5782851434516803 1.39 2.618877338171443 2.4947580837882746 1.4895907724678907 0.7966810000000002 2.0 0.07026540546709795
0.516 1.585311806774171 1.398 2.6026487653946777 2.4937644823602105 1.4895835530955932 0.7449290587224731 2.0 0.001460078216302588
0.522 1.5843873287683115 1.399 2.5887222322813317 2.4947227336739015 1.4895763356856575 0.6912606440397558 2.0 0.06930986996578108
0.528 1.571018437292546 1.389 2.5583101400768222 2.455487723496002 1.4173271196046953 0.7180047441210339 2.0 0.14354022527722457
0.534 1.5599381162774815 1.381 2.562541707234523 2.456847212476292 1.4173195384420505 0.7283692579069334 2.0 0.1652378631032842
0.5399999999999999 1.56016233764828 1.383 2.5541139740310523 2.456376230295419 1.4173119593380437 0.6997956898840989 2.0 0.15814864741023688
0.5459999999999999 1.563760559426027 1.388 2.555474551692207 2.455888196072511 1.4173043822927083 0.7064441610900287 2.0 0.15044972430076656
0.5529999999999999 1.5602529893086026 1.387 2.546150634119759 2.4287542621497193 1.3706665028010374 0.7642223404991647 2.0 0.14184711491461852
0.5589999999999999 1.553718419730085 1.383 2.5512383143154533 2.428328103749956 1.3706586726011913 0.7823295705578955 2.0 0.13443281848193195
0.566 1.5552380599659241 1.386 2.501670665194485 2.388349788648016 1.2994922707168721 0.7444067464495436 2.0 0.12463768002546863
0.572 1.5629045217311945 1.394 2.486673685230957 2.387885047703078 1.299484016608703 0.6939387694719015 2.0 0.11548286289507814
0.579 1.566976086968255 1.399 2.522992949588963 2.426855867726291 1.3706325872891112 0.689828979500054 2.0 0.1048604471604353
0.586 1.5676797693660773 1.401 2.4896920457802354 2.3869353316694806 1.2994647657229388 0.7078885542578582 2.0 0.09408294328262565
0.592 1.5697169039139884 1.404 2.4904324379174096 2.386570388375167 1.2994565190719842 0.7117130806456038 2.0 0.0844450928741169
0.599 1.5782295765783445 1.413 2.4843218123019106 2.3861764512735464 1.2994469008068505 0.6913875978542239 2.0 0.07263476162201209
0.606 1.5934175406051347 1.428 2.47435002013043 2.386033324919562 1.2994372855869396 0.6551740184811661 2.0 0.06795416435471285
0.613 1.6152875734299066 1.449 2.47035629187286 2.3858905286946643 1.299427673412319 0.6404581125108186 2.0 0.06293914906600717
0.62 1.6033204563206511 1.439 2.471206975183113 2.3857882533016985 1.299418064283056 0.6441104909883871 2.0 0.05914629157645482
0.627 1.6069554264089898 1.443 2.4154094697586346 2.3262507357626734 1.1867865609450041 0.6502002929584917 2.0 0.05459069881132751
0.635 1.5926605902518596 1.431 2.4151685267194813 2.3261365039731916 1.1867745448264106 0.6497137656997338 2.0 0.049771627145264966
0.642 1.5807216228620145 1.421 2.413084557999253 2.326039375994067 1.186764034278867 0.6422755681010918 2.0 0.04528030054028782
0.649 1.6121554684772978 1.45 2.4112858200969334 2.325927871852164 1.1867535270505591 0.6358921615665704 2.0 0.039452897128014475
0.6569999999999999 1.6072790812300584 1.445 2.4134383358227463 2.3258316484434194 1.18674152285412 0.6443537412926484 2.0 0.03372558131327024
0.6649999999999999 1.615984303429626 1.452 2.4176218401566865 2.3257434920237507 1.1867295229932564 0.6601610192307423 2.0 0.027492361612400675
0.6719999999999999 1.62235596524946 1.457 2.4198670098881387 2.3256788516446045 1.186719026671631 0.6685613094982351 2.0 0.02191056189383514
0.6799999999999999 1.6165934831630684 1.451 2.4191609914995027 2.3256653289988782 1.186707034940326 0.6660485570027131 2.0 0.021110085992260493
0.688 1.6152824319762202 1.449 2.415630322287903 2.3262748052821607 1.1866950475449745 0.6509342395866144 2.0 0.05752680960026482
0.696 1.6262381351890802 1.458 2.4114139329205058 2.3274799357151514 1.1866830644857078 0.6306776551666743 2.0 0.09458411927704932
0.704 1.6305090962248359 1.461 2.3794531448347613 2.2969268086391224 1.121689915166007 0.6212282223297109 2.0 0.13298307584042535
0.712 1.6448337559235096 1.473 2.414793274426311 2.3318555425740324 1.1866591113759548 0.627436281052753 2.0 0.17143635793397224
0.72 1.6412888935182173 1.469 2.4188430132726473 2.3340007008207193 1.186647141325731 0.6350135836549414 2.0 0.19856443139464708
0.729 1.6416665234627523 1.469 2.4211590989239626 2.3364155457926645 1.1866336802028399 0.6349596677590327 2.0 0.22525121893099387
0.737 1.6598864934438209 1.485 2.3669669713860975 2.28259758818049 1.0807733827570114 0.6263233143235881 2.0 0.20537927035452486
0.746 1.6736845454256202 1.497 2.3774700755993097 2.2964011341982027 1.1216234587153104 0.6155532399584904 2.0 0.1241732096963565
0.754 1.6911793527999996 1.513 2.4087772348194094 2.3275788328383684 1.1865963169941716 0.6201488078735766 2.0 0.09804286599793577
0.763 1.6843201856 1.508 2.362273165857099 2.2743763661551992 1.0807307356866702 0.6383938088697212 2.0 0.06934646254480759
0.772 1.685282008 1.51 2.3652166143319877 2.273858145189018 1.0807159848914978 0.6510136467614415 2.0 0.04983798192583541
0.7809999999999999 1.684009984 1.51 2.364455186848076 2.273541528215535 1.0807012400893128 0.6493514072458295 2.0 0.032801069952866045
0.7899999999999999 1.6994538999999997 1.525 2.3605595238853474 2.2733473902609864 1.0806865012803606 0.6357144870139267 2.0 0.015001425160671489
0.7989999999999999 1.7081912224 1.534 2.342432900465248 2.2578443034273086 1.0477840765906996 0.6238036507290469 2.0 0.003070400971242648
0.8079999999999999 1.6918391111999997 1.519 2.3448241081554295 2.2579453329299835 1.047768887519043 0.6323630062603381 2.0 0.02230436834793584
0.818 1.6924558252 1.519 2.3498238418816912 2.258292908197467 1.0477520180079205 0.649449943152401 2.0 0.04585376729673983
0.827 1.7063855421999998 1.531 2.351803050034917 2.2588214346879614 1.04773684195985 0.6547543908579456 2.0 0.06724421020265411
0.837 1.6913976574 1.517 2.350244770463165 2.2597299124906267 1.047719986920043 0.6459653269987168 2.0 0.09307043791215006
0.846 1.6952979520000002 1.52 2.348240757715349 2.2607970331745904 1.0477048238967543 0.6348475651560185 2.0 0.11626619110688186
0.856 1.675291296 1.498 2.3518013536306768 2.2623864977374035 1.04768798332959 0.6423215252461713 2.0 0.14402275768534728
0.866 1.6756980240000003 1.492 2.357940375115487 2.26417738251347 1.0476711503801386 0.6583187625415328 2.0 0.16995405304582692
0.876 1.6771754040000002 1.487 2.3326329070021457 2.2374758580444967 0.9836562330374309 0.6594528516105791 2.0 0.1967705022064228
0.886 1.683135732 1.486 2.3317224203768476 2.240024906673239 0.9836383211205527 0.6474703569829366 2.0 0.2239804360643885
0.8959999999999999 1.6674753119999999 1.466 2.3318142473422605 2.239468513803396 0.9836204172795806 0.6497218326265186 2.0 0.21842641559009132
0.9069999999999999 1.6629875600000001 1.453 2.341144971963868 2.238661701383491 0.9836007323827091 0.6850938377408409 2.0 0.21008525054706806
0.9169999999999999 1.66798016 1.448 2.3363319847962702 2.2355604687487873 0.9835828455025749 0.678761028455362 2.0 0.17405572517258985
0.9279999999999999 1.6565656800000002 1.428 2.322836182300768 2.232040904977618 0.9835631792636942 0.6430873411227293 2.0 0.12087213860108366
0.939 1.6751988000000002 1.434 2.338422644389912 2.230693260429554 0.9835435227988996 0.7015896533371011 2.0 0.09292233792885866
0.95 1.69025427 1.431 2.3383574860798837 2.229891293758921 0.9835238761087771 0.7039179999999998 2.0 0.07138604279409543
0.961 1.717886834 1.439 2.3345440216241817 2.231751255115058 0.9835042391939125 0.6851146795928202 2.0 0.11590114837756893
0.972 1.7063393279999999 1.424 2.364695020766885 2.2315982801896252 0.9834846120548915 0.7821455472572889 2.0 0.1130880276445456
0.983 1.7129985424999998 1.426 2.3156764011247972 2.232174532853092 0.9834649946922992 0.6162418758964479 2.0 0.1240957264888479
0.994 1.7176471875 1.431 2.3296871046239116 2.242302029490343 0.9834453871067207 0.6320788036269169 2.0 0.24648237672300816
1.01 1.7084788124999999 1.425 2.342866123100349 2.2317397558860304 0.9834168844366266 0.7129932207034089 2.0 0.1164197981753861
1.02 1.71204203 1.429 2.324082642281506 2.2293085037721827 0.983399080773475 0.6569198757559553 2.0 0.052370343944373336
1.03 1.7251760075 1.441 2.30544985992025 2.2288818975058264 0.9833812851921252 0.5892236787308603 2.0 0.02959325874344423
1.04 1.7203441099999999 1.438 2.299592023711929 2.228687346401848 0.9833634976930156 0.5666358508846863 2.0 0.006596924788872843
1.05 1.728667695 1.446 2.2863909658106305 2.2130033916920393 0.9470843688145701 0.5746300000000001 2.0 0.020376702078015854
1.07 1.73811092 1.456 2.298826997043445 2.2138226468004567 0.9470474736545006 0.6193503458053485 2.0 0.06412327292962217
1.0799999999999998 1.7380480150000002 1.457 2.3035387323346597 2.2142567920340417 0.9470290386255323 0.6351043617367832 2.0 0.07790469221352721
1.0899999999999999 1.7296391575 1.451 2.281030759928268 2.1894673787820476 0.8870338771284633 0.6397920951279429 2.0 0.08329647998070204
1.0999999999999999 1.74149054 1.462 2.2791532674034705 2.189635971673654 0.8870142134577287 0.6324823538002377 2.0 0.08781499627736922
1.1199999999999999 1.7545743480142555 1.47 2.2936895980263228 2.215019548190419 0.9469553821948364 0.5955672701118365 2.0 0.09791375285381981
1.13 1.7384296172048384 1.455 2.2668697910375655 2.190341854821506 0.8869552757366207 0.58403870465559 2.0 0.10444031705185365
1.14 1.762912819963282 1.474 2.2657392283291258 2.190538954559911 0.8869356475952507 0.5788897471410548 2.0 0.10865573371535474
1.16 1.7688737878960015 1.476 2.266556884335191 2.1911132080409392 0.8868964179645484 0.5799163900734241 2.0 0.11996597122979487
1.17 1.774257164793056 1.479 2.2675861421762895 2.1914218468243147 0.8868768164763954 0.5827668499932522 2.0 0.12561537778307197
1.18 1.7916562153395073 1.492 2.268558245593238 2.191698101795336 0.8868572238738264 0.5855048626918397 2.0 0.13047924691723814
1.2 1.7952638591743837 1.492 2.26936868592394 2.191944808120987 0.8868180653277963 0.5877177815955535 2.0 0.13481750945932613
1.21 1.8271794049707066 1.517 2.2688937117143784 2.1917631200781833 0.8867984993855125 0.5865603980172859 2.0 0.13196210070492215
1.22 1.830219129737304 1.518 2.268182891518779 2.191708978504488 0.8867789423311672 0.5840080332677837 2.0 0.13119204966461126
1.24 1.829057257588488 1.514 2.266313025637056 2.191623151747963 0.8867398548886443 0.5770291941440331 2.0 0.13001718743974067
1.25 1.8393528119881746 1.521 2.26561360958432 2.191530773739625 0.8867203245016422 0.574628484923861 2.0 0.12858537383194876
1.27 1.8503009151707661 1.527 2.2662370372991094 2.1913801236409385 0.8866812903990936 0.5776534107383678 2.0 0.12626612984000357
1.28 1.8606375754318423 1.534 2.267218528459678 2.1912831124512344 0.8866617866847213 0.5818575228326068 2.0 0.1247098831168811
1.3 1.8740695742719837 1.542 2.26947104989614 2.1911124198183685 0.8866228059327146 0.5912065713727995 2.0 0.12195751835088187
1.3099999999999998 1.8735007281568077 1.54 2.2704142779251106 2.1910505316684215 0.886603328896253 0.5950450076101219 2.0 0.12098334395508682
1.3299999999999998 1.8918521584751211 1.552 2.271081082922053 2.1906923422972113 0.8865644015053441 0.598895939714708 2.0 0.1146145740432422
1.3399999999999999 1.892508334245795 1.551 2.270684275177729 2.1904032041360697 0.8865449511520683 0.5984487286725981 2.0 0.10910658218612398
1.3599999999999999 1.8999264512816223 1.554 2.2685924925002467 2.189831404560048 0.8865060771328014 0.5925793758063544 2.0 0.0973065034005685
1.3699999999999999 1.9067004825060072 1.558 2.266985542678966 2.189554535709164 0.8864866534679806 0.587430324269077 2.0 0.09105206240230565
1.39 1.9043365593938821 1.553 2.2631551061904367 2.1890552878929794 0.8864478328308883 0.5743761670052394 2.0 0.07857030686994888
1.4 1.9111238895734226 1.557 2.2610552448300973 2.1886559979126705 0.8864284358597858 0.5675876522393547 2.0 0.06678102498675936
1.42 1.9038199820524315 1.548 2.258006787003321 2.188045044378967 0.886389668615389 0.5577217352064611 2.0 0.04306357629431549
1.44 1.9149566885990446 1.554 2.2574882635665614 2.1876869429058816 0.8863509369719617 0.5570270190752759 2.0 0.01887264395379266
1.45 1.9168354682637223 1.554 2.257893884846015 2.1876126753138663 0.8863315845020702 0.5589593706443592 2.0 0.008095647468897406
1.47 1.910705804799806 1.546 2.259302895690909 2.1876281875325074 0.886292906268847 0.5645639800683039 2.0 0.014211656633993971
1.49 1.9159557458463663 1.547 2.2608462472289927 2.1878870104997272 0.886254263648255 0.5697158790976304 2.0 0.03745598588639949
1.51 1.9249396047161256 1.551 2.261666949651146 2.188068004868419 0.8862156566449527 0.572272485111294 2.0 0.04757524404791617
1.52 1.9368936984577476 1.559 2.261696885602442 2.188103308340829 0.88619636650124 0.5722558120034325 2.0 0.04951856189429598
1.54 1.9359643802635036 1.555 2.2611285467769027 2.188197130790488 0.8861578129325993 0.5696451718830798 2.0 0.05413883798379253
1.5599999999999998 1.9312715019292943 1.548 2.2599431619551007 2.188308304201223 0.8861192949928794 0.5644907980043479 2.0 0.05904091189467293
1.5799999999999998 1.9340433861407544 1.547 2.2586895093062047 2.1884287675519016 0.8860808126867268 0.558979274035424 2.0 0.06388477155914907
1.5899999999999999 1.9348016351833355 1.546 2.2583004468505687 2.1884954105715995 0.8860615848976893 0.5571433802465253 2.0 0.06638546423388442
1.6099999999999999 1.9463430346063872 1.552 2.2585287329576866 2.188512856272406 0.8860231560505917 0.5579995658832073 2.0 0.06746472420274917
1.63 1.93726125915587 1.542 2.26022137115476 2.188547420385172 0.8859847628486621 0.5646776384364022 2.0 0.06907105960234441
1.65 1.936020366304745 1.539 2.2624355343521345 2.1885736255210304 0.8859464052965343 0.5733759959860211 2.0 0.07038097234633844
1.67 1.9385484642301882 1.539 2.2644362370068096 2.188596356984834 0.8859080833988394 0.5811346295500502 2.0 0.07156033521358912
1.69 1.9322477538807197 1.532 2.265745549980607 2.188630944789777 0.8858697971602041 0.5860865847001907 2.0 0.07307609028081977
1.71 1.9322385509577935 1.53 2.2659570038335137 2.1885128808193755 0.8858315465852522 0.5873436078734765 2.0 0.06993640387310422
1.73 1.9385454957920674 1.533 2.265079903752558 2.1882559268471846 0.8857933316786037 0.584912787517821 2.0 0.06192071491472158
1.75 1.9410637375852473 1.533 2.263512028451221 2.1880240864568687 0.8857551524448755 0.5796872432855028 2.0 0.053732791038346654
1.77 1.941046321218769 1.531 2.2617378220540174 2.18781763286058 0.8857170088886803 0.5735084838552773 2.0 0.045292105503734706
1.7899999999999998 1.9372139187918291 1.526 2.2604973596351012 2.1876464069158383 0.8856789010146281 0.5692552250313441 2.0 0.037009268964665394
1.8099999999999998 1.9473473485075377 1.532 2.2407126642746875 2.1668375204268857 0.8332824717260952 0.5706210685833758 2.0 0.028725637395610577
1.8299999999999998 1.9435001618822032 1.527 2.242339215797581 2.1667272756684524 0.8332420451376203 0.5773890123461627 2.0 0.020366181294230467
1.8499999999999999 1.9447341477084494 1.526 2.2444293539917326 2.166647237025422 0.8332016562633563 0.5857498402473958 2.0 0.01162969087705797
1.8699999999999999 1.9434127631105105 1.523 2.2462476495989643 2.1666020579727254 0.8331613051087878 0.5928440146591865 2.0 0.0025917718015367824
1.9 1.945886978913176 1.522 2.247485484761511 2.166608116201147 0.8331008491133522 0.5974950000000001 2.0 0.011563061674783397
1.92 1.959908494336963 1.531 2.2470773244751756 2.166662712994675 0.833060592281992 0.5957593392378076 2.0 0.020913188858253107
1.94 1.9572962830172482 1.527 2.2458178642056152 2.1667540855634186 0.833020373189492 0.5906560859580668 2.0 0.030005418794054106
1.96 1.9598046686781656 1.527 2.244116727582486 2.1668875396044496 0.8329801918413188 0.5836593850204917 2.0 0.03931423779020554
1.98 1.9507473585374773 1.518 2.242644129083361 2.1670737007624745 0.8329400482429347 0.5772731287490367 2.0 0.04918638601711065
2.01 1.9653547117352914 1.528 2.24284725988197 2.167429904745198 0.8328799036381521 0.5767247516591273 2.0 0.06374525942750842
2.03 1.9702740187896626 1.533 2.244952354358325 2.1677325738369966 0.8328398544381123 0.5837350097989815 2.0 0.07377186817123166
2.05 1.959772409620597 1.526 2.2468636735973075 2.1673803187253844 0.8327998430069478 0.5923334548487356 2.0 0.06310204026615943
2.08 1.953666697658893 1.523 2.248888958891181 2.1668500458168243 0.8327398966887501 0.6018824041009069 2.0 0.04223014940990649
2.1 1.9585736773529125 1.528 2.249122511956339 2.16659906476782 0.8326999797035828 0.6036560000000001 2.0 0.027608898102684982
2.13 1.9473511641504675 1.521 2.2475553792879963 2.166401697493397 0.832640175079863 0.5985055288501006 2.0 0.002579485461408637
2.15 1.939454553023903 1.516 2.2456324136033383 2.1664483993300627 0.832600352574654 0.5910721360935263 2.0 0.016592765060478062
2.1799999999999997 1.9231556723226704 1.505 2.2429571589900297 2.1668654436498858 0.8325406896963056 0.5792676118864312 2.0 0.04671028670450347
2.1999999999999997 1.9357168973652037 1.516 2.2426687630567805 2.167379424324319 0.8325009617049518 0.5762201070825401 2.0 0.06690080526232112
2.23 1.9207205156852216 1.506 2.24564810477675 2.168442212994843 0.8324414406227719 0.5837754528835869 2.0 0.09582733968892482
2.25 1.9256072785082639 1.511 2.248051619655695 2.1689518505871543 0.832401807179106 0.5910870955038288 2.0 0.10704840760329344
2.28 1.928463734954879 1.515 2.250620842608651 2.1698632919214584 0.8323424279437953 0.5974842856144801 2.0 0.12455034433053908
2.3 1.9282415860478057 1.516 2.2510233895180045 2.1705773847806316 0.8323028890815853 0.596406 2.0 0.13666778752717218
2.33 1.933621679958599 1.522 2.247910640139033 2.1700657971338315 0.8322436517437479 0.5864440997743811 2.0 0.12867038517981916
2.36 1.92121846205518 1.514 2.2419915875620244 2.1680870016971454 0.8321844995686439 0.5708984426067106 2.0 0.08983432309425705
2.3899999999999997 1.924048784497849 1.518 2.238209549887149 2.166747497923027 0.8321254325744348 0.5610590605723568 2.0 0.04860024916095577
2.4099999999999997 1.9086202154374614 1.507 2.239137128561303 2.1664213550721296 0.832086101909974 0.5659978734846911 2.0 0.03184661239170135
2.44 1.9139810786661058 1.513 2.2443085613947433 2.16629036072412 0.8320271769242252 0.5866063345920357 2.0 0.023338890842150097
2.4699999999999998 1.909215833995536 1.511 2.2494067845095245 2.1661915661442293 0.8319683371676995 0.6061724020137259 2.0 0.01464879465350398
2.5 1.913290963413009 1.516 2.251644777852749 2.1661266504790424 0.8319095826584813 0.6146540000000001 2.0 0.005577830810222643
2.53 1.897181924061196 1.505 2.2504022533365635 2.1661002808864884 0.8318509134146337 0.6101801987657077 2.0 0.003805878054347869
2.56 1.8999920296328878 1.509 2.2472058317571664 2.166116716410279 0.8317923294541992 0.5982243903180224 2.0 0.013533283903228716
2.59 1.887698771783808 1.501 2.245748311734151 2.166182042056824 0.8317338307951988 0.5924869959141017 2.0 0.023737608140138804
2.6199999999999997 1.8979413595099548 1.511 2.2506501764616123 2.1661973894535964 0.8316754174556322 0.6107496105042654 2.0 0.02696534953555406
2.65 1.8864056759818282 1.505 2.2591112715611317 2.1661636148120946 0.8316170894534782 0.6413415089940395 2.0 0.026035027649829453
2.6799999999999997 1.8811557218092447 1.504 2.2659869700475874 2.1661286620525404 0.8315588468066945 0.6652695452671172 2.0 0.024965273141910164
2.71 1.884647860329676 1.51 2.268199153984814 2.166092501364831 0.8315006895332169 0.6728823654016163 2.0 0.023734527059453562
2.7399999999999998 1.886862657755325 1.515 2.2647226221783394 2.1660568195685403 0.8314426176509604 0.6611856091952943 2.0 0.022479304995925833
2.77 1.8803513060855968 1.513 2.256553714755059 2.166022457337022 0.8313846311778188 0.6327569690541107 2.0 0.02128099456400476
2.8 1.8738505834809591 1.511 2.246743418895765 2.1659882987782555 0.8313267301316644 0.5969511537028052 2.0 0.02002943366443037
2.84 1.8749222189975672 1.517 2.2408332976402896 2.16593185419884 0.8312496616540666 0.5745198610842182 2.0 0.01687593058840263
2.8699999999999997 1.8644886568129686 1.513 2.2421425603610685 2.165875123515894 0.8311919600069321 0.5798173939418316 2.0 0.011617929455164773
2.9 1.85654148994042 1.511 2.2458455158913098 2.165830583911194 0.8311343438462048 0.594138 2.0 0.006149852391925308
2.9299999999999997 1.8584092812089765 1.517 2.2501329032170916 2.1657998311947253 0.8310768131896641 0.6102533681489003 2.0 0.0004892664025326273
2.9699999999999998 1.8571712860721912 1.522 2.2544819581024167 2.165771321768247 0.8310002386848123 0.6261976375039491 2.0 0.002005367688113005
3.0 1.843132706660543 1.515 2.255659415073613 2.1657614023072376 0.8309429076070627 0.630457726645031 2.0 0.007505732564687326
3.04 1.8477572777918154 1.524 2.2538951852938913 2.165771022047805 0.8308665992715824 0.6240828361275381 2.0 0.014993803949248315
3.07 1.8438967010271905 1.524 2.250361548147837 2.165797423932597 0.8308094678690334 0.6111044230483508 2.0 0.020835297268011733
3.11 1.833923151783698 1.52 2.244235903473527 2.165861634538038 0.8307334258312883 0.5879100020205944 2.0 0.02895850773767844
3.1399999999999997 1.8397046693863102 1.528 2.241138553883784 2.165929347712833 0.8306764942000762 0.5757187494085634 2.0 0.03502144010758127
3.1799999999999997 1.8225375471701912 1.518 2.2395130106640977 2.166061163349634 0.8306007185880641 0.5688563628563917 2.0 0.04385669450107084
3.2199999999999998 1.8174103769788519 1.518 2.2397907251644895 2.1662308559898555 0.8305250952766555 0.5693034086410584 2.0 0.05276540114739088
3.26 1.8361604558887974 1.538 2.241089291421238 2.1664230807543605 0.8304496243074573 0.5736656232490598 2.0 0.06117504648807518
3.29 1.8227337803625379 1.53 2.2423543923681954 2.1666223427840876 0.8303931210801244 0.5778415394567362 2.0 0.06855392559159579
3.33 1.8175660791815436 1.53 2.2439208245897704 2.1668662534980583 0.8303179168097041 0.5829848252561336 2.0 0.07669105276043434
3.3699999999999997 1.8195058226201593 1.536 2.2446621557848605 2.1667000463135815 0.8302428649955585 0.5864461636991586 2.0 0.07270402890654165
3.4099999999999997 1.8036870872571635 1.527 2.244827503394212 2.1665581868010153 0.8301679656790363 0.5876020279071439 2.0 0.06924973324738387
3.4499999999999997 1.7997073377619093 1.528 2.2443941255170667 2.166402350087623 0.8300932189014171 0.5865201174643063 2.0 0.06514898617062351
3.4899999999999998 1.8051163639485488 1.537 2.2435689400021483 2.1662406233137657 0.8300186247039111 0.5839547503424832 2.0 0.06056005894514103
3.53 1.7940697008233393 1.532 2.2427612736289233 2.166098713414928 0.8299441831276596 0.5813729390260819 2.0 0.05635857654667568
3.57 1.794733675431963 1.537 2.2425160510765676 2.1659519342349416 0.8298698942137341 0.5809737153434374 2.0 0.0516114337503946
3.61 1.791870948390552 1.539 2.243051256325742 2.1658143539936936 0.8297957580031367 0.5835470182764785 2.0 0.04680615306902885
3.65 1.7855119179413468 1.538 2.2438902129933798 2.1656857909004894 0.8297217745367997 0.5872378930716221 2.0 0.04191326481892616
3.69 1.7690782656687898 1.528 2.244626521863097 2.165568795420335 0.8296479438555862 0.5904743982197228 2.0 0.037047226002481684
3.7399999999999998 1.7731124300636945 1.536 2.244970738792635 2.1654272253213085 0.8295558704202873 0.5922993752085254 2.0 0.030201424038924705
3.78 1.7677783625398087 1.535 2.2446209035755422 2.165329156395041 0.8294823836546431 0.59133124831504 2.0 0.02468462560120114
3.82 1.7601518924522292 1.532 2.2437014924318204 2.1652436887059427 0.829409049806443 0.5881463726487316 2.0 0.018996304379836754
3.8699999999999997 1.760665084371019 1.537 2.2419885943763918 2.165198792815767 0.82931759759814 0.5817448279984738 2.0 0.01783633159883677
3.9099999999999997 1.7553371434394904 1.536 2.2404646862405597 2.165191730740373 0.8292446079623979 0.5758704536825243 2.0 0.020214129508399042
3.96 1.7603636635748405 1.545 2.2590034852542273 2.1858706748335606 0.8817571487782152 0.5701457175963178 2.0 0.023128719718961285
4.0 1.7527467237420382 1.542 2.2388305796076957 2.165186964783416 0.8290809409289122 0.5694978241560804 2.0 0.02567850962286312
4.05 1.7519098778710414 1.545 2.2607932008965226 2.1858767449311536 0.8816036524425248 0.5771730703949446 2.0 0.028846906780737126
4.1 1.7489739914409257 1.545 2.264030013586283 2.185888857879188 0.8815186932853837 0.589679407321577 2.0 0.03216974337494736
4.1499999999999995 1.7381272527550977 1.538 2.266867268389041 2.1859104763409367 0.8814339603431904 0.6004020335712829 2.0 0.03576009131393658
4.1899999999999995 1.734660583460935 1.537 2.2681863534185345 2.1859318178673415 0.881366336908048 0.6052862310256597 2.0 0.03861725689519296
4.24 1.7385001068353894 1.543 2.283748610291498 2.201915017261229 0.9201401977259087 0.6058695996399136 2.0 0.042092276838433015
4.29 1.7400672251074651 1.547 2.2826232361363066 2.2019534285345173 0.9200596504197859 0.6014731388137539 2.0 0.04570712312471852
4.34 1.7438649429793547 1.553 2.281160622957525 2.201998454126173 0.919979320644341 0.5957319831584558 2.0 0.049348166742364606
4.39 1.737550852897537 1.55 2.280952063815935 2.2019780221695386 0.9198992084565615 0.5950084934759322 2.0 0.04992650997881867
4.4399999999999995 1.7222953619152992 1.539 2.284167313178936 2.20189029547761 0.9198193139133001 0.6075355473357954 2.0 0.04746896955425664
4.49 1.719370876985883 1.539 2.288919257687429 2.201795713972028 0.9197396370712747 0.6254974037889992 2.0 0.04453499821030482
4.55 1.725339631743674 1.551 2.2913372493352804 2.2016786901339667 0.9196443123061355 0.6346946790397342 2.0 0.04053878923935606
4.6 1.7063035609094244 1.54 2.2889988495084497 2.201593965527478 0.919565114605812 0.626498 2.0 0.03762962990790486
4.6499999999999995 1.7182646991584156 1.557 2.2834801892736944 2.201500903793837 0.9194861347873147 0.6063625527688425 2.0 0.03393342509924231
4.7 1.7036959083241656 1.55 2.2777039258564256 2.2014200322708457 0.9194073729067936 0.5845382924825377 2.0 0.030663351545445493
4.76 1.7031404025412538 1.557 2.2768275811936523 2.20132390106367 0.9193131464071559 0.5814782172102112 2.0 0.026272728011148917
4.81 1.6908184977191052 1.552 2.2802274978865196 2.2012511002263326 0.9192348641871619 0.5949210333062517 2.0 0.02266430476432178
4.87 1.682595373406674 1.552 2.2831328546672536 2.201304785056524 0.9191412134421642 0.6057663537605013 2.0 0.030367523191987333
4.93 1.6581895276145946 1.537 2.2835435735559635 2.2019872096158517 0.9190478768812863 0.6048335151237366 2.0 0.06402086622191223
4.9799999999999995 1.6649377032187973 1.549 2.28465019767509 2.2029466521159726 0.9189703364847219 0.6055184337969045 2.0 0.09201887159778394
5.04 1.657794224882033 1.549 2.292945287730284 2.204664406757407 0.9188775761765002 0.6301213741030585 2.0 0.12731514608635378
5.1 1.6719924191088518 1.567 2.302183309801594 2.2068964194044174 0.918785130322906 0.6554816442502287 2.0 0.16194347865091255
5.16 1.657352457841192 1.558 2.3041230384674956 2.208526083860683 0.9186929990188676 0.6568070594197972 2.0 0.1832774853786549
5.22 1.6554971250355828 1.561 2.299002904620279 2.2093607657342993 0.9186011823590284 0.6357195626110841 2.0 0.19351191419301747
5.279999999999999 1.6567943044725681 1.567 2.2952131818001376 2.209868620598606 0.9185096804377466 0.6200679233783392 2.0 0.19964790819974298
5.34 1.6566084837285493 1.573 2.2975556549686313 2.207987313177936 0.918418493349094 0.6352590121545809 2.0 0.17808831019778326
5.3999999999999995 1.6460276871762871 1.572 2.298248567345785 2.2063196743153415 0.9183276211868566 0.643506 2.0 0.15659146029156074
5.46 1.63441798174727 1.57 2.290896300459433 2.2021641177182647 0.9182370640445331 0.631410372177124 2.0 0.07979658877883178
5.529999999999999 1.6399087936000003 1.582 2.2894621990857082 2.2007138026413555 0.9181318123196628 0.631265332412759 2.0 0.013236931018465571
5.59 1.6417975239999998 1.585 2.3030571421004282 2.2028511237620076 0.9180419380398698 0.6719517291593584 2.0 0.09875258710302548
5.66 1.6631415092000001 1.607 2.336157813468291 2.2303962573814187 0.9179374832419123 0.6949574551639165 2.0 0.363398186292314
5.72 1.6639718067999998 1.609 2.3768410156469892 2.277304192617674 0.9178482922592959 0.6806311981886939 2.0 0.5862328019743768
5.79 1.669674311326861 1.61 2.342312026852017 2.241046511232022 0.917744634893625 0.6812753963195688 2.0 0.424304431545539
5.859999999999999 1.6925843414200241 1.606 2.3181696283864244 2.20331152022085 0.9176414071226929 0.7206446911171541 2.0 0.11187449696780111
5.92 1.7096002469166336 1.598 2.320954891826688 2.206982204246877 0.9175532682084458 0.7183739694837422 2.0 0.1699012944694785
5.989999999999999 1.7294929149820502 1.589 2.367402783845918 2.261117057155314 0.9174508386405857 0.7013883338085233 2.0 0.5205135011086585
6.06 1.7737084339999998 1.587 2.491572524282824 2.3710876190215444 0.9173488390803051 0.7654261209834863 2.0 0.8834747333768364
6.13 1.801094350222222 1.568 2.6557362234376147 2.5309512340607525 0.9172472696710567 0.8045003040925706 2.0 1.250748414140365
6.199999999999999 1.8048882999999996 1.53 2.693064520722946 2.5830309412708163 0.917146130555752 0.7619367882011688 2.0 1.353104511399253
6.27 1.8330968963636363 1.51 2.7274772759382224 2.6323449906752487 0.9170454218767596 0.7140673223347436 2.0 1.4450840266738652
6.35 1.856547019090909 1.479 2.797464334451841 2.6994641107238455 0.9169308534904062 0.7339619999999999 2.0 1.5640793761837783
6.42 1.8815838401818183 1.457 2.8167058336055613 2.7144232829567865 0.8663597443392498 0.7521555650327271 2.0 1.6178734661419998
6.489999999999999 1.902375502363636 1.433 2.7827435573440877 2.681610370121342 0.8662546005983757 0.7433892175689027 2.0 1.5622538667209218
6.569999999999999 1.9261142831999996 1.412 2.7323938737661595 2.637486147518362 0.8661349932004139 0.7138929212729235 2.0 1.4853091772102431
6.6499999999999995 1.9599747999999997 1.4 2.682635835929463 2.586262379576159 0.8660159800407556 0.7125881925783168 2.0 1.392397004566221
6.72 1.9752983279999998 1.38 2.6460419027544204 2.5453580769808566 0.8659123311798119 0.7229730362057425 2.0 1.3149310152104667
6.8 2.0248731547471444 1.383 2.5908933875853504 2.486095946278919 0.8657944328765346 0.7294213403301404 2.0 1.196274656633866
6.88 2.009246354658294 1.344 2.54950335379937 2.444301967362694 0.8656771295130671 0.7248139370770257 2.0 1.1068944010569175
6.96 2.030884264771862 1.331 2.4979638121212826 2.3925108458496966 0.8655604213312937 0.7181330372285197 2.0 0.9873769819745772
7.04 2.0501631635773934 1.317 2.4569819951687033 2.3457754743893005 0.8654443085720014 0.730820051953171 2.0 0.868140959180407
7.12 2.0728002609101788 1.307 2.4295132645809754 2.3098567209411485 0.8653287914748775 0.7530581859975464 2.0 0.765926989942006
7.199999999999999 2.1107216326577607 1.307 2.3988403852094216 2.274855398379543 0.8652138702785076 0.7612280277125479 2.0 0.6529717009290954
7.29 2.133712108 1.298 2.364212138215317 2.2413258180866134 0.8650852965158603 0.7523015430417614 2.0 0.5245653939917235
7.37 2.136705634 1.283 2.340589826134675 2.216648295592287 0.8649716423957264 0.751552438525056 2.0 0.40663709152440813
7.46 2.172882184 1.286 2.3395039381689386 2.1945955404302446 0.864844494692543 0.8105733098441226 2.0 0.2613304155208829
7.54 2.184195072 1.28 2.3497701081859836 2.1827528555199516 0.864732108710386 0.8700629477479586 2.0 0.12902871171096622
7.63 2.1911052072 1.274 2.3576063868756574 2.1964533442202065 0.8646063882551241 0.8566799764794105 2.0 0.27724192815041315
7.72 2.201320464 1.27 2.3255554775455005 2.195106372767363 0.864481423878735 0.7679298739976138 2.0 0.26676554412533376
7.81 2.235475044 1.278 2.295914452348757 2.179307818117456 0.8643572159091488 0.7223853586528628 2.0 0.04763579970623216
7.8999999999999995 2.2467081600000003 1.272 2.3095977733864643 2.1869363698491306 0.8642337646724988 0.7426649238134391 2.0 0.18918426406256048
7.989999999999999 2.2577362919999997 1.266 2.3238496285119705 2.2042775282202127 0.8641110704931169 0.7358244862184267 2.0 0.33489024958611424
8.08 2.270408508 1.269 2.323085844338458 2.212491162601745 0.8639891336935297 0.7082447991866269 2.0 0.38553848245061884
8.18 2.2675806080000003 1.264 2.3297602279193304 2.212150375748965 0.8638545370356198 0.7308716950795421 2.0 0.38388100209473935
8.27 2.2802853667662357 1.269 2.336286257963389 2.2089067714453696 0.8637342001999466 0.760897072021813 2.0 0.3650100770419442
8.37 2.2666948540224867 1.263 2.3201092842691784 2.189849641037718 0.8636013820666558 0.7664630719082408 2.0 0.22278712540356616
8.459999999999999 2.2569959768686023 1.259 2.3023768340177466 2.178812591769786 0.8634826466071774 0.7441201353054571 2.0 0.04027442194290449
8.56 2.264938643553169 1.265 2.2960352588299315 2.1795014924418994 0.8633516085581819 0.7221849861591996 2.0 0.0696473657539686
8.66 2.251395726267271 1.259 2.300922536403393 2.1814273513635127 0.8632215080156579 0.7318601159048034 2.0 0.11607720437710854
8.76 2.2610977210672933 1.266 2.307677198181058 2.182326119657994 0.8630923454035582 0.7502178073488138 2.0 0.1327361889135798
8.86 2.254714441018068 1.264 2.3111720675848946 2.182132713383535 0.8629641211430319 0.7614546258090805 2.0 0.13036910845144195
8.959999999999999 2.244776919348884 1.26 2.3107070043790277 2.1819447679889294 0.862836835652418 0.7605812839743277 2.0 0.12804517013767225
9.07 2.2559273149275607 1.268 2.3074926766832604 2.1816600404374706 0.8626979063878331 0.7515862697689824 2.0 0.12406794249795002
9.17 2.2388919856351737 1.26 2.3076882883597323 2.181482288012012 0.8625725936631902 0.7527019751020646 2.0 0.12179283054137527
9.28 2.244681660837948 1.265 2.3147562464986913 2.181207579647305 0.8624358354381698 0.7748741673290289 2.0 0.11777493478206952
9.389999999999999 2.2256387953415 1.256 2.3243644337405582 2.180998743822262 0.8623002152133704 0.803688061553598 2.0 0.1148645262788295
9.5 2.236722468315713 1.264 2.3326568785140616 2.1810290327398136 0.8621657335258204 0.8272849999999997 2.0 0.11643835101825532
9.61 2.2318629855881857 1.263 2.3371861139192323 2.1811107306348103 0.8620323909083734 0.8397588414578128 2.0 0.11892929124108952
9.719999999999999 2.241125723242155 1.27 2.3372979455388485 2.1811548430238066 0.8619001878896986 0.8399554970198815 2.0 0.12068353393031156
9.83 2.241543112817587 1.272 2.334158431571758 2.1812281702858773 0.8617691249942693 0.8309869149564573 2.0 0.12292398486580584
9.94 2.2525093540079433 1.28 2.3305044838969526 2.1812716458144883 0.861639202742354 0.820551739154548 2.0 0.12459485194729525
10.1 2.2356605352754237 1.273 2.332479751212937 2.1814378449687366 0.8614522621712709 0.8257061937254191 2.0 0.12872867381374337
10.2 2.2468613951740948 1.281 2.336631786202298 2.181459506678504 0.861336651052468 0.8373067090456876 2.0 0.129864363209236
10.299999999999999 2.2545263319568245 1.287 2.3395321110275176 2.1815173573517623 0.8612219840349665 0.8452174383564597 2.0 0.13158523717306897
10.4 2.2324200461770762 1.276 2.3397779464996713 2.1816824525561542 0.8611082614959219 0.8454717707497886 2.0 0.13502179740659126
10.5 2.2470542513744074 1.286 2.371094563148405 2.2180822804206173 0.9493751751233523 0.837974 2.0 0.1362929916592544
10.7 2.257014236472946 1.295 2.364602291122263 2.2182429813651945 0.949173193925174 0.8189884436331851 2.0 0.14025752140199504
10.799999999999999 2.2419487631336406 1.288 2.367788809454343 2.2183849454935025 0.9490734933964644 0.8277632993706627 2.0 0.14314772273578505
10.9 2.235605935747202 1.286 2.3818293516914633 2.2185071392996045 0.9489746532768847 0.8667970543648968 2.0 0.14567441285733743
11.0 2.23274034 1.286 2.4135026996986513 2.233235046044619 0.9488766738353096 0.9152357677510018 2.0 0.29490986543883274
11.2 2.213975989644218 1.285 2.451087949028098 2.2636577536131193 0.9486832980505139 0.9400455884572704 2.0 0.47344104753685295
11.299999999999999 2.2294811440787803 1.299 2.439635227483861 2.264672075559862 0.9485879022338747 0.9072378041944769 2.0 0.4784564782257121
11.4 2.2071919619047615 1.291 2.4196030158449373 2.262538625588715 0.9484933681483956 0.8575533347874313 2.0 0.46844568827067323
11.6 2.1977938631935876 1.291 2.383978547318493 2.2347394197539083 0.9946285489634928 0.8302369781410358 2.0 0.06909648173974874
11.7 2.1969467223006833 1.291 2.393954725798223 2.2344479546584908 0.9945408841510408 0.8592214889620329 2.0 0.06038287695679615
11.799999999999999 2.2017684040892638 1.291 2.4895014496482193 2.329938315335977 0.9944540426662294 0.8769292528647528 2.0 0.6630789623381554
12.0 2.2176011200000003 1.288 2.439305184556766 2.2935978817390645 0.9942828305404042 0.8304327427839027 2.0 0.5215293817326929
12.1 2.243475061689309 1.292 2.495385078017809 2.3728168874354876 0.9941984603248974 0.7724549865816851 2.0 0.8011425608383564
12.2 2.250204358859975 1.285 2.474950771672231 2.366357563539022 0.9941149142880401 0.7250746193893671 2.0 0.7819102606491478
12.399999999999999 2.266913409861111 1.271 2.448922757522807 2.3426207862411843 0.9939502955795348 0.7136879739661058 2.0 0.7070607880844609
12.5 2.2737634529264117 1.263 2.4570104827677217 2.348872244041057 0.9938692233175607 0.720902 2.0 0.7276158229234854
12.7 2.2848266284792627 1.246 2.4641051327983816 2.358408173969268 0.9937095539874569 0.7139502716844307 2.0 0.7580438228487238
12.799999999999999 2.2766109723735406 1.23 2.500503947185284 2.402378786128822 0.9936309573170731 0.6936109556858172 2.0 0.8855062691494346
13.0 2.29922904 1.219 2.6168696883457314 2.5387442121672943 0.9934762409450536 0.6346532840612661 2.0 1.207570757136252
13.1 2.292520131035987 1.203 2.65173990278844 2.578710954777337 0.9934001216291916 0.6180407136684458 2.0 1.2895372761714763
13.299999999999999 2.3246644907169607 1.195 2.80184984771048 2.7342523114750374 0.9932503616871909 0.6117408489782694 2.0 1.5778432817662373
13.399999999999999 2.3259173585393254 1.183 2.8116342322764765 2.7452940802761177 0.993176721434811 0.6071634614416743 2.0 1.596946958167082
13.6 2.3429662284177213 1.167 2.7955217214371446 2.7345535788471436 0.9930319212866296 0.5806534417715747 2.0 1.5785027332543664
13.7 2.3408443817813764 1.154 2.7449324936598667 2.686689106327349 0.9929607617525303 0.5624553677330535 2.0 1.4940974799784266
13.899999999999999 2.3729977319587623 1.15 2.506846636652166 2.444917267837682 0.9928209246534604 0.5537685555567431 2.0 0.9959553494716138
14.0 2.3710859999999996 1.14 2.4305455775344167 2.3626877487837783 0.992752247438095 0.5703143047646209 2.0 0.772487134818159
14.2 2.359384038095238 1.13 2.3069800126099853 2.232914483960315 0.9926173765345573 0.5798704044027507 2.0 0.024856316730609073
14.399999999999999 2.3561670916417907 1.127 2.3028829809642275 2.2335819037858586 0.9924858181221301 0.5606976931422367 2.0 0.06212907327577684
14.5 2.35458986 1.126 2.3305296781334683 2.2571377882128605 0.9924212815130479 0.5802564826716243 2.0 0.33131706110377696
14.7 2.3619860651612905 1.122 2.4898053379017755 2.3927723891053385 0.9922946942973033 0.688310187763703 2.0 0.8606456563152404
14.899999999999999 2.369273416297011 1.118 2.510326732934498 2.3990274440346266 0.9921714228052555 0.7391939047734886 2.0 0.8780253669455731
15.1 2.3636022032703217 1.109 2.3687359170740176 2.2539259999972043 0.9920514682729317 0.7285104195363932 2.0 0.30986496697903276
15.2 2.3713516894139888 1.11 2.3701807922341063 2.2517263663027176 0.9919927352439935 0.7399225359270087 2.0 0.2936359002676279
15.399999999999999 2.3568285932152846 1.098 2.379743922557325 2.23912011989723 0.9918777583973268 0.8059294172692401 2.0 0.172735125916186
15.6 2.3949572173388205 1.112 2.3905368494488033 2.2346396683223686 0.9917661014573951 0.8491477971076088 2.0 0.1000722101280165
15.799999999999999 2.3935298268226823 1.11 2.4036369859464917 2.2515418616235197 0.9916577655456252 0.8414451886883851 2.0 0.29335240015408237
15.899999999999999 2.3639028465526555 1.097 2.3913463742699026 2.2441449314388713 0.9916048433167601 0.826045403371408 2.0 0.23001371266409437
16.099999999999998 2.3841339049180337 1.11 2.38622530698431 2.2408405428880114 0.9915014909779866 0.8201858795673863 2.0 0.1956812000143765
16.3 2.3568475376802094 1.103 2.4155086157165293 2.258458426789571 0.9914014623270092 0.856765666366225 2.0 0.3431582813115411
16.5 2.3382147062876832 1.1 2.431413319036198 2.2667752043080096 0.9913047583699688 0.879489 2.0 0.39444226814411754
16.7 2.3450321151401865 1.109 2.4286052153917974 2.268088869136967 0.9912113800799505 0.868271946987367 2.0 0.4021531030627586
16.9 2.3137768971962616 1.1 2.38508569767703 2.232167766759921 0.9911213283969353 0.8402742684990135 2.0 0.015857217872860926
17.099999999999998 2.3221739658715594 1.109 2.3908357030123644 2.2351238056249456 0.9910346042277532 0.8487148710416749 2.0 0.11674262158474634
17.3 2.33428674431566 1.119 2.4054658658668973 2.2359100230465967 0.9909512084460371 0.887114649124085 2.0 0.1315649407690827
17.5 2.3316990916545013 1.122 2.4105322467364485 2.236060232023116 0.9908711418921791 0.9003890000000001 2.0 0.13468385723820142
17.7 2.3104233972262778 1.116 2.4338997236117264 2.273076124944292 0.9907944053732884 0.8700533287135229 2.0 0.4303504572702921
17.9 2.3016182343884894 1.116 2.423868447766302 2.284200656466289 0.9907209996631513 0.8109041947579233 2.0 0.4858441517888961
18.099999999999998 2.2983504769121703 1.118 2.455093997936374 2.327848824761908 0.9906509255021908 0.7801322886266236 2.0 0.6614309448060687
18.3 2.3026314949689444 1.123 2.4720395094955965 2.338632248918512 0.9905841835974308 0.8011108168197274 2.0 0.6985297208338886
18.5 2.3007230357142854 1.125 2.48437902353238 2.3428485550898723 0.9905207746224598 0.826559 2.0 0.7126064461734997
18.7 2.3212250527154343 1.138 2.495963143671706 2.3450106206361445 0.990460699217397 0.8548433796147848 2.0 0.7197655272393237
19.0 2.3039818199999997 1.134 2.508329524779738 2.2969911002623045 0.9903768378711891 1.0077444567932463 2.0 0.5434352157272251
19.2 2.2953667150913835 1.132 2.524155395228056 2.2522200215072736 0.9903250989714906 1.1396777763827282 2.0 0.3029046444433168
19.4 2.294863878085381 1.134 2.504318420410638 2.2484880337294664 0.9902766956180973 1.102684140170443 2.0 0.2739534703928852
19.599999999999998 2.2822386901926572 1.129 2.3929820815936975 2.232963904741537 0.990231628300142 0.8603693642558012 2.0 0.0746265515257336
19.8 2.2898473426900843 1.133 2.2697668387875773 2.232090412395602 0.9901898974731318 0.41184207331376693 2.0 0.041851834494054795
20.099999999999998 2.28735316 1.132 2.2382545827474423 2.2329199769444026 0.9901515035589251 0.15444077749266016 2.0 0.07437488445295108
20.3 2.2590643400000006 1.118 2.2618803277351107 2.2329894715152463 0.9901515035589251 0.36036181414954765 2.0 0.07643284567473678
20.5 2.2631056000000003 1.12 2.2738596521605667 2.2330237044632844 0.9901515035589251 0.42900215970184197 2.0 0.07742651157664292
20.8 2.2348167800000005 1.106 2.2499345263828796 2.2331192132103332 0.9901515035589251 0.27456138220917814 2.0 0.08013376572418011
21.0 2.23885804 1.108 2.233155744729845 2.233155744729845 0.9901515035589251 0.0 2.0 0.08114542636469267
21.3 2.22067237 1.099 2.2332451239513107 2.2332451239513107 0.9901515035589251 0.0 2.0 0.08356903524814732
21.5 2.23683741 1.107 2.2332664199933547 2.2332664199933547 0.9901515035589251 0.0 2.0 0.08413621497271256
21.8 2.2105692200000004 1.094 2.233373180584892 2.233373180584892 0.9901515035589251 0.0 2.0 0.08692389634546731
22.0 2.21461048 1.096 2.2334138201501204 2.2334138201501204 0.9901515035589251 0.0 2.0 0.08796187831984192
22.3 2.20046607 1.089 2.233508907516911 2.233508907516911 0.9901515035589251 0.0 2.0 0.09034400897339581
22.5 2.2105692200000004 1.094 2.2335413891870823 2.2335413891870823 0.9901515035589251 0.0 2.0 0.09114349791269354
22.8 2.19238355 1.085 2.233648993533313 2.233648993533313 0.9901515035589251 0.0 2.0 0.0937434067675318
23.0 2.16813599 1.073 2.233746627557802 2.233746627557802 0.9901515035589251 0.0 2.0 0.0960416374592497
23.3 2.1721772500000003 1.075 2.2338204875351235 2.2338204875351235 0.9901515035589251 0.0 2.0 0.09774441432459251
23.599999999999998 2.1600534700000003 1.069 2.2339291599651507 2.2339291599651507 0.9901515035589251 0.0 2.0 0.10019726414729854
23.9 2.15803284 1.068 2.2137856110458394 2.2137856110458394 0.943610088966836 0.0 2.0 0.10220925434422161
24.099999999999998 2.15803284 1.068 2.213845334057732 2.213845334057732 0.943610088966836 0.0 2.0 0.10349474928319667
24.4 2.13984717 1.059 2.2139796440138557 2.2139796440138557 0.943610088966836 0.0 2.0 0.10632903699235126
24.7 2.15197095 1.065 2.214045214142149 2.214045214142149 0.943610088966836 0.0 2.0 0.10768570130594649
25.0 2.14388843 1.061 2.214162297736629 2.214162297736629 0.943610088966836 0.0 2.0 0.11006671030947303
25.299999999999997 2.15601221 1.067 2.2142301599128227 2.2142301599128227 0.943610088966836 0.0 2.0 0.11142352115942437
25.599999999999998 2.15197095 1.065 2.2143419815099947 2.2143419815099947 0.943610088966836 0.0 2.0 0.11362398988598457
25.9 2.1418678000000004 1.06 2.2144742059106264 2.2144742059106264 0.943610088966836 0.0 2.0 0.11617232305286707
26.2 2.14590906 1.062 2.21456944234804 2.21456944234804 0.943610088966836 0.0 2.0 0.11797378938437811
26.5 2.14388843 1.061 2.2146847432179535 2.2146847432179535 0.943610088966836 0.0 2.0 0.12011874059601284
26.799999999999997 2.1499503200000003 1.064 2.2147776443998453 2.2147776443998453 0.943610088966836 0.0 2.0 0.12181959667199367
27.099999999999998 2.14590906 1.062 2.2149044601266894 2.2149044601266894 0.943610088966836 0.0 2.0 0.12410385767212194
27.4 2.14590906 1.062 2.2150211953888395 2.2150211953888395 0.943610088966836 0.0 2.0 0.1261701074811419
27.7 2.1418678000000004 1.06 2.215154531126046 2.215154531126046 0.943610088966836 0.0 2.0 0.12848967572630976
28.0 2.14590906 1.062 2.2152624272528887 2.2152624272528887 0.943610088966836 0.0 2.0 0.1303365704564906
28.4 2.1661153600000005 1.072 2.215354796104604 2.215354796104604 0.943610088966836 0.0 2.0 0.1318972047606507
28.7 2.13580591 1.057 2.2155963444165994 2.2155963444165994 0.943610088966836 0.0 2.0 0.1358939343465989
29.0 2.10347583 1.041 2.2158615596029207 2.2158615596029207 0.943610088966836 0.0 2.0 0.14015152987352025
29.299999999999997 2.12368213 1.051 2.215913951988609 2.215913951988609 0.943610088966836 0.0 2.0 0.1409774542888888
29.7 2.1257027600000002 1.052 2.2160912372958923 2.2160912372958923 0.943610088966836 0.0 2.0 0.14373716297339137
30.0 2.11964087 1.049 2.2162614226436226 2.2162614226436226 0.943610088966836 0.0 2.0 0.14633760110898839
30.4 2.1054964600000003 1.042 2.2165249969952114 2.2165249969952114 0.943610088966836 0.0 2.0 0.15027661928797148
30.7 2.10751709 1.043 2.2166672328060204 2.2166672328060204 0.943610088966836 0.0 2.0 0.15236016866589713
31.099999999999998 2.10953772 1.044 2.2168641311087796 2.2168641311087796 0.943610088966836 0.0 2.0 0.15519850449241934
31.4 2.1176202400000004 1.048 2.2169802481031935 2.2169802481031935 0.943610088966836 0.0 2.0 0.15684839967209566
31.799999999999997 2.1054964600000003 1.042 2.21726152634509 2.21726152634509 0.943610088966836 0.0 2.0 0.1607752350648467
32.199999999999996 2.11559961 1.047 2.217426578000415 2.217426578000415 0.943610088966836 0.0 2.0 0.16303566733273772
32.6 2.10347583 1.041 2.21772459139999 2.21772459139999 0.943610088966836 0.0 2.0 0.167040005089357
32.9 2.11357898 1.046 2.217838179299539 2.217838179299539 0.943610088966836 0.0 2.0 0.16854135859988803
33.3 2.10347583 1.041 2.2181385143310965 2.2181385143310965 0.943610088966836 0.0 2.0 0.1724484524690322
33.699999999999996 2.10751709 1.043 2.218356342960586 2.218356342960586 0.943610088966836 0.0 2.0 0.17522803529534237
34.1 2.10347583 1.041 2.218633250780177 2.218633250780177 0.943610088966836 0.0 2.0 0.1786994724877967
34.5 2.10347583 1.041 2.2188894525664886 2.2188894525664886 0.943610088966836 0.0 2.0 0.18185269508811924
34.9 2.1014552 1.04 2.2191664739267627 2.2191664739267627 0.943610088966836 0.0 2.0 0.18520215711632554
35.3 2.1176202400000004 1.048 2.2193136040179318 2.2193136040179318 0.943610088966836 0.0 2.0 0.18695687465044156
35.699999999999996 2.09741394 1.038 2.2197419822482387 2.2197419822482387 0.943610088966836 0.0 2.0 0.1919751748412809
36.1 2.09539331 1.037 2.220040684126348 2.220040684126348 0.943610088966836 0.0 2.0 0.19539866728354066
36.5 2.08731079 1.033 2.2203986207900885 2.2203986207900885 0.943610088966836 0.0 2.0 0.19942425932300148
36.9 2.10347583 1.041 2.2205545876931403 2.2205545876931403 0.943610088966836 0.0 2.0 0.20115336667590822
37.4 2.0933726800000003 1.036 2.221021702751248 2.221021702751248 0.943610088966836 0.0 2.0 0.20624597957791438
37.8 2.08933142 1.034 2.221370487675082 2.221370487675082 0.943610088966836 0.0 2.0 0.209968672696264
38.199999999999996 2.09539331 1.037 2.2216296496286634 2.2216296496286634 0.943610088966836 0.0 2.0 0.21269297146162713
38.699999999999996 2.09943457 1.039 2.221993920070202 2.221993920070202 0.943610088966836 0.0 2.0 0.21646473345314748
39.1 2.09135205 1.035 2.2224084059081104 2.2224084059081104 0.943610088966836 0.0 2.0 0.22067877707434155
39.6 2.09135205 1.035 2.222834054663898 2.222834054663898 0.943610088966836 0.0 2.0 0.22492495320338488
40.0 2.09135205 1.035 2.2231823434993587 2.2231823434993587 0.943610088966836 0.0 2.0 0.22834126312889763
40.5 2.09943457 1.039 2.223534006236978 2.223534006236978 0.943610088966836 0.0 2.0 0.23174010635249384
41.0 2.09741394 1.038 2.224010885911515 2.224010885911515 0.943610088966836 0.0 2.0 0.23627192099977476
41.5 2.09943457 1.039 2.224450553061809 2.224450553061809 0.943610088966836 0.0 2.0 0.24037525458537898
41.9 2.1014552 1.04 2.2248039816019465 2.2248039816019465 0.943610088966836 0.0 2.0 0.24362421175218554
42.4 2.08529016 1.032 2.225502213163549 2.225502213163549 0.943610088966836 0.0 2.0 0.24992018885207046
42.9 2.10347583 1.041 2.2257542464032434 2.2257542464032434 0.943610088966836 0.0 2.0 0.25215464576737256
43.4 2.10347583 1.041 2.22625941393104 2.22625941393104 0.943610088966836 0.0 2.0 0.2565754822982455
43.9 2.09943457 1.039 2.226835189706111 2.226835189706111 0.943610088966836 0.0 2.0 0.2615243050147584
44.4 2.10751709 1.043 2.2272442164449906 2.2272442164449906 0.943610088966836 0.0 2.0 0.26498452726085747
44.9 2.08731079 1.033 2.228099723326451 2.228099723326451 0.943610088966836 0.0 2.0 0.27208156329933
45.5 2.09135205 1.035 2.228707769496028 2.228707769496028 0.943610088966836 0.0 2.0 0.2770168258643495
46.0 2.06710449 1.023 2.2297011300907696 2.2297011300907696 0.943610088966836 0.0 2.0 0.2848984547660005
46.5 2.08731079 1.033 2.2299388266424556 2.2299388266424556 0.943610088966836 0.0 2.0 0.28675280394013763
47.0 2.10347583 1.041 2.230248442533302 2.230248442533302 0.943610088966836 0.0 2.0 0.28915067944277595
47.599999999999994 2.10953772 1.044 2.2308636359936616 2.2308636359936616 0.943610088966836 0.0 2.0 0.2938580650566854
48.099999999999994 2.0731663800000004 1.026 2.232186395024002 2.232186395024002 0.943610088966836 0.0 2.0 0.3037368962280495
48.699999999999996 2.09943457 1.039 2.2324359911914855 2.2324359911914855 0.943610088966836 0.0 2.0 0.3055657944978649
49.3 2.09135205 1.035 2.2333862559174547 2.2333862559174547 0.943610088966836 0.0 2.0 0.3124326617384718
49.8 2.10751709 1.043 2.233713654403278 2.233713654403278 0.943610088966836 0.0 2.0 0.3147644990586572
50.4 2.1054964600000003 1.042 2.2345688869821156 2.2345688869821156 0.943610088966836 0.0 2.0 0.32077735373384797
51.0 2.1054964600000003 1.042 2.259870961530694 2.259870961530694 1.000199980003999 0.0 2.0 0.32652222400575487
51.599999999999994 2.09539331 1.037 2.260949214991144 2.260949214991144 1.000199980003999 0.0 2.0 0.33390320868340256
52.199999999999996 2.08933142 1.034 2.2464408580391604 2.2464408580391604 0.9645724441429996 0.0 2.0 0.3407294068138532
52.8 2.0933726800000003 1.036 2.262759907605263 2.262759907605263 1.000199980003999 0.0 2.0 0.3459514409072139
53.4 2.11155835 1.045 2.263202465056602 2.263202465056602 1.000199980003999 0.0 2.0 0.3488343415409101
54.0 2.09943457 1.039 2.2644404858613063 2.2644404858613063 1.000199980003999 0.0 2.0 0.35677824206051073
54.599999999999994 2.10751709 1.043 2.265165231224374 2.265165231224374 1.000199980003999 0.0 2.0 0.361349588000002
55.3 2.08326953 1.031 2.266988378547451 2.266988378547451 1.000199980003999 0.0 2.0 0.37260744553645253
55.9 2.09741394 1.038 2.2675706677058844 2.2675706677058844 1.000199980003999 0.0 2.0 0.3761339296581885
56.599999999999994 2.08933142 1.034 2.2690078447867363 2.2690078447867363 1.000199980003999 0.0 2.0 0.3847032618834285
57.199999999999996 2.09943457 1.039 2.269732668933594 2.269732668933594 1.000199980003999 0.0 2.0 0.38895550956943276
57.9 2.08933142 1.034 2.2713057360927844 2.2713057360927844 1.000199980003999 0.0 2.0 0.3980323439219289
58.599999999999994 2.09539331 1.037 2.2723768262460666 2.2723768262460666 1.000199980003999 0.0 2.0 0.4040995427616136
59.199999999999996 2.0933726800000003 1.036 2.273563029801771 2.273563029801771 1.000199980003999 0.0 2.0 0.4107174825611986
59.9 2.10751709 1.043 2.2743803153573694 2.2743803153573694 1.000199980003999 0.0 2.0 0.41521779692721117
60.599999999999994 2.09943457 1.039 2.276026785566074 2.276026785566074 1.000199980003999 0.0 2.0 0.4241437593720248
61.3 2.10347583 1.041 2.2772547558098872 2.2772547558098872 1.000199980003999 0.0 2.0 0.43068459788892915
62.0 2.1014552 1.04 2.2787464676145186 2.2787464676145186 1.000199980003999 0.0 2.0 0.4385036643696913
62.699999999999996 2.09741394 1.038 2.280359396959852 2.280359396959852 1.000199980003999 0.0 2.0 0.4468097797755775
63.5 2.11357898 1.046 2.2813632405927726 2.2813632405927726 1.000199980003999 0.0 2.0 0.4519051178377566
64.2 2.0933726800000003 1.036 2.2683783313294876 2.2683783313294876 0.9645724441429996 0.0 2.0 0.4638321399441288
64.89999999999999 2.10953772 1.044 2.2845702247347206 2.2845702247347206 1.000199980003999 0.0 2.0 0.46782594171812747
65.7 2.08326953 1.031 2.287622439866921 2.287622439866921 1.000199980003999 0.0 2.0 0.482510546395293
66.5 2.09135205 1.035 2.2890963884024864 2.2890963884024864 1.000199980003999 0.0 2.0 0.48945099386691115
67.2 2.10953772 1.044 2.2898391161578826 2.2898391161578826 1.000199980003999 0.0 2.0 0.4929129516321449
68.0 2.07518701 1.027 2.2935882427557233 2.2935882427557233 1.000199980003999 0.0 2.0 0.5100461031194002
68.8 2.0933726800000003 1.036 2.2945970788777985 2.2945970788777985 1.000199980003999 0.0 2.0 0.5145636543660325
69.6 2.10751709 1.043 2.29583371562036 2.29583371562036 1.000199980003999 0.0 2.0 0.5200504300346144
70.39999999999999 2.09135205 1.035 2.2988321131995386 2.2988321131995386 1.000199980003999 0.0 2.0 0.5331313953215059
71.2 2.0792282699999998 1.029 2.3017097472497614 2.3017097472497614 1.000199980003999 0.0 2.0 0.5454060511073934
72.0 2.08326953 1.031 2.3036525738076343 2.3036525738076343 1.000199980003999 0.0 2.0 0.553547812578587
72.89999999999999 2.09943457 1.039 2.305118350950066 2.305118350950066 1.000199980003999 0.0 2.0 0.5596164864322276
73.7 2.0933726800000003 1.036 2.3077848097821847 2.3077848097821847 1.000199980003999 0.0 2.0 0.5705004191596998
74.6 2.09539331 1.037 2.3102574358392967 2.3102574358392967 1.000199980003999 0.0 2.0 0.5804217603181
75.39999999999999 2.09539331 1.037 2.312627061347691 2.312627061347691 1.000199980003999 0.0 2.0 0.5897829472591231
76.3 2.09943457 1.039 2.315051261667273 2.315051261667273 1.000199980003999 0.0 2.0 0.5992181106635833
77.2 2.11559961 1.047 2.3166045191782043 2.3166045191782043 1.000199980003999 0.0 2.0 0.6051912906485684
78.1 2.11155835 1.045 2.319712993035561 2.319712993035561 1.000199980003999 0.0 2.0 0.6169832818302301
79.0 2.09741394 1.038 2.3237280311799595 2.3237280311799595 1.000199980003999 0.0 2.0 0.6319113568306001
79.89999999999999 2.1054964600000003 1.042 2.3260157565320587 2.3260157565320587 1.000199980003999 0.0 2.0 0.6402728321859402
80.8 2.10347583 1.041 2.3292001767843615 2.3292001767843615 1.000199980003999 0.0 2.0 0.6517464718219051
81.8 2.09741394 1.038 2.333171986420175 2.333171986420175 1.000199980003999 0.0 2.0 0.6658014104940495
82.7 2.09741394 1.038 2.336339972890858 2.336339972890858 1.000199980003999 0.0 2.0 0.6768193768854837
83.7 2.08933142 1.034 2.368329451527537 2.368329451527537 1.063202708800161 0.0 2.0 0.6917979408560885
84.6 2.08731079 1.033 2.371823338146997 2.371823338146997 1.063202708800161 0.0 2.0 0.7036660766150128
85.6 2.09943457 1.039 2.3743220698585614 2.3743220698585614 1.063202708800161 0.0 2.0 0.7120430404248346
86.6 2.0570013400000002 1.018 2.3827011468799375 2.3827011468799375 1.063202708800161 0.0 2.0 0.7395030462026311
87.6 2.10347583 1.041 2.3815315965493804 2.3815315965493804 1.063202708800161 0.0 2.0 0.7357259988358714
88.6 2.08529016 1.032 2.387520212835 2.387520212835 1.063202708800161 0.0 2.0 0.7548859295918062
89.6 2.1014552 1.04 2.3897141468997742 2.3897141468997742 1.063202708800161 0.0 2.0 0.7617963664214444
90.7 2.08731079 1.033 2.3959458288142756 2.3959458288142756 1.063202708800161 0.0 2.0 0.78112509536727
91.7 2.0933726800000003 1.036 2.399440370840483 2.399440370840483 1.063202708800161 0.0 2.0 0.791779068439621
92.8 2.06306323 1.021 2.4081896764887083 2.4081896764887083 1.063202708800161 0.0 2.0 0.8179104583918643
93.89999999999999 2.10953772 1.044 2.4069168456597714 2.4069168456597714 1.063202708800161 0.0 2.0 0.8141552075131521
95.0 2.09741394 1.038 2.4134571388638455 2.4134571388638455 1.063202708800161 0.0 2.0 0.8332918823154698
96.1 2.07518701 1.027 2.421705023003325 2.421705023003325 1.063202708800161 0.0 2.0 0.856886934454911
97.19999999999999 2.10751709 1.043 2.4221946285338367 2.4221946285338367 1.063202708800161 0.0 2.0 0.8582696653722363
98.3 2.09539331 1.037 2.429230627637578 2.429230627637578 1.063202708800161 0.0 2.0 0.8779302035198813
99.39999999999999 2.08933142 1.034 2.4355609987816216 2.4355609987816216 1.063202708800161 0.0 2.0 0.8952973689150042
101.0 2.1054964600000003 1.042 2.440989001640887 2.440989001640887 1.063202708800161 0.0 2.0 0.9099600574375638
102.0 2.0933726800000003 1.036 2.466408964233333 2.466408964233333 1.104717158371318 0.0 2.0 0.9288558439556392
103.0 2.1014552 1.04 2.451933334581706 2.451933334581706 1.063202708800161 0.0 2.0 0.938923360681245
104.0 2.09135205 1.035 2.4772349130427793 2.4772349130427793 1.104717158371318 0.0 2.0 0.9572318498660956
105.0 2.1054964600000003 1.042 2.4800708809656054 2.4800708809656054 1.104717158371318 0.0 2.0 0.964547341820771
107.0 2.0792282699999998 1.029 2.543612727347325 2.543612727347325 1.2084701072016635 0.0 2.0 1.0047714698991494
108.0 2.12772339 1.053 2.5400300722575886 2.5400300722575886 1.2084701072016635 0.0 2.0 0.9956669965268965
109.0 2.0933726800000003 1.036 2.552110240252944 2.552110240252944 1.2084701072016635 0.0 2.0 1.0260929189912287
110.0 2.09943457 1.039 2.556613122209478 2.556613122209478 1.2084701072016635 0.0 2.0 1.0372418506084766
112.0 2.1054964600000003 1.042 2.567001509206733 2.567001509206733 1.2084701072016635 0.0 2.0 1.0625896424629993
113.0 2.09135205 1.035 2.575994777721609 2.575994777721609 1.2084701072016635 0.0 2.0 1.0841351829218544
114.0 2.09135205 1.035 2.5820978377742536 2.5820978377742536 1.2084701072016635 0.0 2.0 1.0985578017739785
116.0 2.11559961 1.047 2.5889935362265586 2.5889935362265586 1.2084701072016635 0.0 2.0 1.1146692471863127
117.0 2.09539331 1.037 2.6000008879871515 2.6000008879871515 1.2084701072016635 0.0 2.0 1.1400020252324012
118.0 2.09539331 1.037 2.6064559557545692 2.6064559557545692 1.2084701072016635 0.0 2.0 1.154648279472353
120.0 2.11357898 1.046 2.6150586793844126 2.6150586793844126 1.2084701072016635 0.0 2.0 1.1739386255779078
121.0 2.10347583 1.041 2.624286029076272 2.624286029076272 1.2084701072016635 0.0 2.0 1.194352193620001
122.0 2.11155835 1.045 2.628947447962091 2.628947447962091 1.2084701072016635 0.0 2.0 1.204559954566975
124.0 2.11559961 1.047 2.641606196187499 2.641606196187499 1.2084701072016635 0.0 2.0 1.2319428946733644
125.0 2.10751709 1.043 2.7234252717052154 2.7234252717052154 1.3602940858505561 0.0 2.0 1.25165698598403
127.0 2.1014552 1.04 2.7189970410415545 2.7189970410415545 1.3192422067232386 0.0 2.0 1.2855134807510686
128.0 2.10953772 1.044 2.743965908271196 2.743965908271196 1.3602940858505561 0.0 2.0 1.2957426078332719
130.0 2.11155835 1.045 2.757883126292206 2.757883126292206 1.3602940858505561 0.0 2.0 1.3249601270556308
131.0 2.08933142 1.034 2.772213240535744 2.772213240535744 1.3602940858505561 0.0 2.0 1.3545354373369833
133.0 2.09135205 1.035 2.7868944238287225 2.7868944238287225 1.3602940858505561 0.0 2.0 1.384333966052855
134.0 2.09943457 1.039 2.7920011147029538 2.7920011147029538 1.3602940858505561 0.0 2.0 1.3945860405520114
136.0 2.0933726800000003 1.036 2.809884525138891 2.809884525138891 1.3602940858505561 0.0 2.0 1.4300528118272455
137.0 2.0812489000000003 1.03 2.8222898985300597 2.8222898985300597 1.3602940858505561 0.0 2.0 1.4542765456902675
139.0 2.08326953 1.031 2.871414022782873 2.871414022782873 1.4284257068535275 0.0 2.0 1.4847957739144202
140.0 2.1176202400000004 1.048 2.867133834956901 2.867133834956901 1.4284257068535275 0.0 2.0 1.476501414680889
142.0 2.07720764 1.028 2.9214041700920017 2.9214041700920017 1.4732277488562315 0.0 2.0 1.537596281548228
144.0 2.09943457 1.039 2.929843162435056 2.929843162435056 1.4732277488562315 0.0 2.0 1.5535703899300635
145.0 2.1297440200000004 1.054 2.9487239829386622 2.9487239829386622 1.5167069591717444 0.0 2.0 1.5474408316823132
147.0 2.10347583 1.041 2.9762619029114137 2.9762619029114137 1.5167069591717444 0.0 2.0 1.599292004207446
149.0 2.10751709 1.043 2.9922820547764184 2.9922820547764184 1.5167069591717444 0.0 2.0 1.6289112607312233
151.0 2.07720764 1.028 3.0237753501595597 3.0237753501595597 1.5167069591717444 0.0 2.0 1.6860656476639833
152.0 2.0691251200000003 1.024 3.036901207022595 3.036901207022595 1.5167069591717444 0.0 2.0 1.7094937675274786
154.0 2.08731079 1.033 3.0817072989040466 3.0817072989040466 1.5844241856270684 0.0 2.0 1.7281550497910994
156.0 2.1054964600000003 1.042 3.1163116344364084 3.1163116344364084 1.6310732662881824 0.0 2.0 1.7467106809439614
158.0 2.10347583 1.041 3.1362949468788774 3.136294946878877 1.6310732662881824 0.0 2.0 1.78211840061708
159.0 2.10347583 1.041 3.1697050623012 3.1697050623012 1.67642476717567 0.0 2.0 1.7990636959201465
161.0 2.08933142 1.034 3.1963039880383675 3.1963039880383675 1.67642476717567 0.0 2.0 1.8455240946544083
163.0 2.08529016 1.032 3.254010327850363 3.254010327850363 1.7436742815101678 0.0 2.0 1.8836621814319114
165.0 2.0610426000000004 1.02 3.2875378408205425 3.2875378408205425 1.7436742815101678 0.0 2.0 1.941006196493714
167.0 2.10751709 1.043 3.308503252483583 3.3085032524835825 1.791758912354003 0.0 2.0 1.9328201602048871
169.0 2.12368213 1.051 3.320137010016772 3.320137010016772 1.791758912354003 0.0 2.0 1.9526673462940667
171.0 2.08326953 1.031 3.3889550949001506 3.3889550949001506 1.8385864135253474 0.0 2.0 2.025985349218915
173.0 2.09539331 1.037 3.4031874958438575 3.4031874958438575 1.8385864135253474 0.0 2.0 2.0497036692819735
175.0 2.09943457 1.039 3.422332158043049 3.422332158043049 1.8385864135253474 0.0 2.0 2.081335484725034
177.0 2.1600534700000003 1.069 3.4444942595250736 3.4444942595250736 1.9053608582103285 0.0 2.0 2.057702773459079
179.0 2.12772339 1.053 3.538896957940771 3.538896957940771 2.0025983121934363 0.0 2.0 2.12447444769817
181.0 2.10347583 1.041 3.575608340216018 3.5756083402160184 2.0025983121934363 0.0 2.0 2.1850800906654086
183.0 2.11155835 1.045 3.592672618011896 3.592672618011896 2.0025983121934363 0.0 2.0 2.2128932509753954
185.0 2.12368213 1.051 3.6731470879739527 3.6731470879739527 2.119056393775305 0.0 2.0 2.236427850365741
187.0 2.13580591 1.057 3.7158449420071777 3.715844942007178 2.168040590025934 0.0 2.0 2.2598901816328003
190.0 2.10347583 1.041 3.7713650480817167 3.7713650480817167 2.168040590025934 0.0 2.0 2.350062621695943
192.0 2.15197095 1.065 3.7915002571453167 3.7915002571453167 2.220450404760259 0.0 2.0 2.3334682770359243
194.0 2.09741394 1.038 3.890170145221466 3.890170145221466 2.2848194677041773 0.0 2.0 2.4316709807809938
196.0 2.1741978800000004 1.076 3.8890996811807916 3.8890996811807916 2.3346091750012463 0.0 2.0 2.3821621124853225
198.0 2.10347583 1.041 3.962396391579346 3.962396391579346 2.3346091750012463 0.0 2.0 2.5000370325259222
