10.63 10.63 1.0
 
10.63 11.95 0.6799519098144464
 
10.63 13.44 0.6766659283277655
 
10.63 15.12 0.6574504122814461
 
10.63 17.01 0.6378278351878374
 
10.63 19.14 0.6287561249934195
 
10.63 21.86 0.600092029455792
 
10.63 25.3 0.5597402552147082
 
10.63 39.16 0.3828701122278402
 
10.63 41.12 0.36488998112881965
 
10.63 43.17 0.3570839046212569
 
10.63 45.33 0.35370664651450123
 
10.63 47.59 0.3416053894276715
 
10.63 49.97 0.3385166699223892
 
10.63 52.73 0.34561908145233133
 
10.63 55.89 0.3642067383081178
 
10.63 59.25 0.35603730717037696
 
10.63 62.8 0.3495250326922441
 
10.63 66.57 0.3413695574840593
 
10.63 70.57 0.33401158586693475
 
10.63 74.8 0.3280154654818952
 
10.63 79.28 0.3229097526390983
 
10.63 84.04 0.3369378010689554
 
10.63 89.09 0.3361506270949568
 
10.63 94.43 0.3304761205338365
 
10.63 100.1 0.3309351645518487
 
10.63 106.62 0.3386520887726097
 
10.63 114.08 0.333672759888048
 
10.63 122.06 0.32759301912976574
 
10.63 130.61 0.32223839199441123
 
10.63 139.75 0.3214990138953319
 
10.63 149.53 0.3310440805258245
 
10.63 161.55 0.3365651021612859
 
10.63 176.08 0.32883221391912365
 
10.63 191.93 0.3268684369553354
 
10.63 209.2 0.3207934438490703
 
10.63 228.03 0.31607694298319305
 
10.63 248.56 0.3109773064406748
 
10.63 270.93 0.3060361736003308
 
10.63 295.31 0.30179762319858106
 
10.63 321.88 0.29810894958136513
 
10.63 350.85 0.2933460903721569
 
10.63 384.26 0.29086686020137553
 
10.63 422.69 0.28759642284761683
 
11.95 10.63 0.6799519098144464
 
11.95 11.95 1.0
 
11.95 13.44 0.7344680954139825
 
11.95 15.12 0.7218831049289287
 
11.95 17.01 0.705264813137835
 
11.95 19.14 0.6977980527384402
 
11.95 21.86 0.6668418423368777
 
11.95 25.3 0.6214045701198732
 
11.95 39.16 0.4188686363142835
 
11.95 41.12 0.39870449878790215
 
11.95 43.17 0.38969533080610297
 
11.95 45.33 0.38553656203851344
 
11.95 47.59 0.37189658819962523
 
11.95 49.97 0.368094119965001
 
11.95 52.73 0.375332401631713
 
11.95 55.89 0.39497933644381344
 
11.95 59.25 0.3856072922404348
 
11.95 62.8 0.37806940000595035
 
11.95 66.57 0.36879047564408607
 
11.95 70.57 0.36041050702621724
 
11.95 74.8 0.35353510767057206
 
11.95 79.28 0.3476499945761487
 
11.95 84.04 0.3623703351154036
 
11.95 89.09 0.36115885449508706
 
11.95 94.43 0.3547206933299948
 
11.95 100.1 0.35488688089804177
 
11.95 106.62 0.36287210970130385
 
11.95 114.08 0.35723813818442873
 
11.95 122.06 0.35040622313701575
 
11.95 130.61 0.3443791488727797
 
11.95 139.75 0.34330788651393024
 
11.95 149.53 0.35336218096812955
 
11.95 161.55 0.35895035934777414
 
11.95 176.08 0.3504210492281284
 
11.95 191.93 0.34804354084650696
 
11.95 209.2 0.3413380356092954
 
11.95 228.03 0.3360836702551826
 
11.95 248.56 0.3304301452623336
 
11.95 270.93 0.3249874437209028
 
11.95 295.31 0.32031168857708675
 
11.95 321.88 0.31625090446605963
 
11.95 350.85 0.3110533678293118
 
11.95 384.26 0.3082853953649649
 
11.95 422.69 0.30468748299723797
 
13.44 10.63 0.6766659283277655
 
13.44 11.95 0.7344680954139825
 
13.44 13.44 1.0
 
13.44 15.12 0.7609090359448452
 
13.44 17.01 0.7520265516632303
 
13.44 19.14 0.7493143027158874
 
13.44 21.86 0.7189098614140658
 
13.44 25.3 0.6705778575068853
 
13.44 39.16 0.44631006770561876
 
13.44 41.12 0.42430974788891646
 
13.44 43.17 0.41421352241572984
 
13.44 45.33 0.4092852620158604
 
13.44 47.59 0.39431715360048175
 
13.44 49.97 0.38980392930985164
 
13.44 52.73 0.39693430098956367
 
13.44 55.89 0.41711320124991946
 
13.44 59.25 0.40664280150192733
 
13.44 62.8 0.3981484827678415
 
13.44 66.57 0.3878599278534058
 
13.44 70.57 0.3785578325119534
 
13.44 74.8 0.37087494574946606
 
13.44 79.28 0.36426507153369225
 
13.44 84.04 0.3792514287065574
 
13.44 89.09 0.3775652926572775
 
13.44 94.43 0.370442586149731
 
13.44 100.1 0.37024069116625735
 
13.44 106.62 0.3782370493691991
 
13.44 114.08 0.37202026827877765
 
13.44 122.06 0.3645333393134748
 
13.44 130.61 0.35791747383513123
 
13.44 139.75 0.35647939925073985
 
13.44 149.53 0.3667588581189353
 
13.44 161.55 0.3722062805584611
 
13.44 176.08 0.3630356211502946
 
13.44 191.93 0.36024308847112035
 
13.44 209.2 0.3530282522729544
 
13.44 228.03 0.347321058731584
 
13.44 248.56 0.34121112255637315
 
13.44 270.93 0.3353680358855079
 
13.44 295.31 0.33034065888627223
 
13.44 321.88 0.32598386453874023
 
13.44 350.85 0.32045872139335213
 
13.44 384.26 0.31744605211532495
 
13.44 422.69 0.31358887225840343
 
15.12 10.63 0.6574504122814461
 
15.12 11.95 0.7218831049289287
 
15.12 13.44 0.7609090359448452
 
15.12 15.12 1.0
 
15.12 17.01 0.7830577779831657
 
15.12 19.14 0.7893246244358384
 
15.12 21.86 0.7631234449492307
 
15.12 25.3 0.7144914341837447
 
15.12 39.16 0.47109045718308207
 
15.12 41.12 0.447365365769515
 
15.12 43.17 0.43621112931013833
 
15.12 45.33 0.43050196221402326
 
15.12 47.59 0.41425078891717093
 
15.12 49.97 0.40900204365871023
 
15.12 52.73 0.415913323019796
 
15.12 55.89 0.43641165580638125
 
15.12 59.25 0.4248332571312794
 
15.12 62.8 0.4153611762335423
 
15.12 66.57 0.4040574949465187
 
15.12 70.57 0.39382457196158516
 
15.12 74.8 0.3853176614087461
 
15.12 79.28 0.37796238429021434
 
15.12 84.04 0.39302109720169714
 
15.12 89.09 0.39080290748549457
 
15.12 94.43 0.38298801708052527
 
15.12 100.1 0.3823547324818504
 
15.12 106.62 0.3902338090062688
 
15.12 114.08 0.38342911916057654
 
15.12 122.06 0.37528969674302187
 
15.12 130.61 0.3680853807983448
 
15.12 139.75 0.36623685580875887
 
15.12 149.53 0.376613887288615
 
15.12 161.55 0.3818058947798075
 
15.12 176.08 0.3720264366579379
 
15.12 191.93 0.3687889644377699
 
15.12 209.2 0.3610898318028946
 
15.12 228.03 0.35494084372181123
 
15.12 248.56 0.34839170441352196
 
15.12 270.93 0.3421712212466303
 
15.12 295.31 0.33681085221028545
 
15.12 321.88 0.33217578446845386
 
15.12 350.85 0.32635421875892956
 
15.12 384.26 0.3231022408475785
 
15.12 422.69 0.31900232801585526
 
17.01 10.63 0.6378278351878374
 
17.01 11.95 0.705264813137835
 
17.01 13.44 0.7520265516632303
 
17.01 15.12 0.7830577779831657
 
17.01 17.01 1.0
 
17.01 19.14 0.8265094745631012
 
17.01 21.86 0.8092760754464011
 
17.01 25.3 0.7634796311841621
 
17.01 39.16 0.5012373572932621
 
17.01 41.12 0.4755457378470004
 
17.01 43.17 0.46321312772010337
 
17.01 45.33 0.45664804588812097
 
17.01 47.59 0.43890516493603415
 
17.01 49.97 0.43282778891883616
 
17.01 52.73 0.4395504496153896
 
17.01 55.89 0.4605334708509444
 
17.01 59.25 0.4476485899535322
 
17.01 62.8 0.4370215464509444
 
17.01 66.57 0.424505996342616
 
17.01 70.57 0.4131587034930056
 
17.01 74.8 0.4036649550163467
 
17.01 79.28 0.3954162727386753
 
17.01 84.04 0.41062115162306556
 
17.01 89.09 0.4077750794984573
 
17.01 94.43 0.3991224542965808
 
17.01 100.1 0.3979829704478468
 
17.01 106.62 0.4057550150071208
 
17.01 114.08 0.3982362461678071
 
17.01 122.06 0.38930185062507067
 
17.01 130.61 0.38138087514850155
 
17.01 139.75 0.3790442469420946
 
17.01 149.53 0.38957351153245773
 
17.01 161.55 0.3944854155227303
 
17.01 176.08 0.383955557866561
 
17.01 191.93 0.3801845425173606
 
17.01 209.2 0.3718890305298403
 
17.01 228.03 0.36519960320564837
 
17.01 248.56 0.35811186073460133
 
17.01 270.93 0.3514263768807446
 
17.01 295.31 0.3456563533060091
 
17.01 321.88 0.34067839425009466
 
17.01 350.85 0.3344884082346559
 
17.01 384.26 0.33094465993120187
 
17.01 422.69 0.3265458338054694
 
19.14 10.63 0.6287561249934195
 
19.14 11.95 0.6977980527384402
 
19.14 13.44 0.7493143027158874
 
19.14 15.12 0.7893246244358384
 
19.14 17.01 0.8265094745631012
 
19.14 19.14 1.0
 
19.14 21.86 0.8658997109603003
 
19.14 25.3 0.8274677193515079
 
19.14 39.16 0.5449716454081693
 
19.14 41.12 0.5167094930777589
 
19.14 43.17 0.5029178422712558
 
19.14 45.33 0.495343868529689
 
19.14 47.59 0.47562456763956884
 
19.14 49.97 0.46853526764292697
 
19.14 52.73 0.4752171013945293
 
19.14 55.89 0.49719880930926186
 
19.14 59.25 0.4825829938943363
 
19.14 62.8 0.47043086677721785
 
19.14 66.57 0.45627900067461313
 
19.14 70.57 0.4434236357655074
 
19.14 74.8 0.4325998762282362
 
19.14 79.28 0.4231496239738899
 
19.14 84.04 0.43879978515167883
 
19.14 89.09 0.4351573540168056
 
19.14 94.43 0.4253543713627879
 
19.14 100.1 0.42359001995160694
 
19.14 106.62 0.43136853948063214
 
19.14 114.08 0.4228633971844668
 
19.14 122.06 0.41282035005834794
 
19.14 130.61 0.4039016948403996
 
19.14 139.75 0.4009375576199107
 
19.14 149.53 0.41182899027052056
 
19.14 161.55 0.4164872191209528
 
19.14 176.08 0.4048735648646989
 
19.14 191.93 0.40039552874911066
 
19.14 209.2 0.3912400720238012
 
19.14 228.03 0.38378582117111243
 
19.14 248.56 0.37592900409246277
 
19.14 270.93 0.368569903698893
 
19.14 295.31 0.36220865600283475
 
19.14 321.88 0.3567333263337151
 
19.14 350.85 0.3499947719700277
 
19.14 384.26 0.3460400369897637
 
19.14 422.69 0.341207101942923
 
21.86 10.63 0.600092029455792
 
21.86 11.95 0.6668418423368777
 
21.86 13.44 0.7189098614140658
 
21.86 15.12 0.7631234449492307
 
21.86 17.01 0.8092760754464011
 
21.86 19.14 0.8658997109603003
 
21.86 21.86 1.0
 
21.86 25.3 0.8695435332499043
 
21.86 39.16 0.582130123095784
 
21.86 41.12 0.5518669802496619
 
21.86 43.17 0.5369283503171915
 
21.86 45.33 0.5285217030135495
 
21.86 47.59 0.5070834040840225
 
21.86 49.97 0.49905689805718034
 
21.86 52.73 0.5055793959307183
 
21.86 55.89 0.5282229536082446
 
21.86 59.25 0.5119197438400009
 
21.86 62.8 0.4982395110398706
 
21.86 66.57 0.48246133725965706
 
21.86 70.57 0.46808799134420237
 
21.86 74.8 0.45589898165364934
 
21.86 79.28 0.44519660070304445
 
21.86 84.04 0.46089808044260355
 
21.86 89.09 0.4563265854008477
 
21.86 94.43 0.4453354579949103
 
21.86 100.1 0.4427970985423955
 
21.86 106.62 0.45030575242032916
 
21.86 114.08 0.4407785338607712
 
21.86 122.06 0.4296018591988934
 
21.86 130.61 0.4196574345171329
 
21.86 139.75 0.4159506022904733
 
21.86 149.53 0.4269333062117857
 
21.86 161.55 0.43107552808560246
 
21.86 176.08 0.4184154158824919
 
21.86 191.93 0.4131407426268581
 
21.86 209.2 0.40315266393605903
 
21.86 228.03 0.3949328907291115
 
21.86 248.56 0.38631998974957193
 
21.86 270.93 0.37831622334634135
 
21.86 295.31 0.37138578009533374
 
21.86 321.88 0.36543619634489904
 
21.86 350.85 0.3582005917473407
 
21.86 384.26 0.353833589839563
 
21.86 422.69 0.34858938720991994
 
25.3 10.63 0.5597402552147082
 
25.3 11.95 0.6214045701198732
 
25.3 13.44 0.6705778575068853
 
25.3 15.12 0.7144914341837447
 
25.3 17.01 0.7634796311841621
 
25.3 19.14 0.8274677193515079
 
25.3 21.86 0.8695435332499043
 
25.3 25.3 1.0
 
25.3 39.16 0.6129939431214728
 
25.3 41.12 0.5816798825674674
 
25.3 43.17 0.5662245145977312
 
25.3 45.33 0.5574358643186345
 
25.3 47.59 0.5347257486776209
 
25.3 49.97 0.5260192418796596
 
25.3 52.73 0.5324808472810626
 
25.3 55.89 0.5557172592027123
 
25.3 59.25 0.537853789892341
 
25.3 62.8 0.5227022610431268
 
25.3 66.57 0.5053302205305974
 
25.3 70.57 0.4894350527633093
 
25.3 74.8 0.47584398523785926
 
25.3 79.28 0.46383059400726384
 
25.3 84.04 0.47930693121190965
 
25.3 89.09 0.4736791071582557
 
25.3 94.43 0.4614265069991538
 
25.3 100.1 0.4579686275581487
 
25.3 106.62 0.46498503047358425
 
25.3 114.08 0.454359544529177
 
25.3 122.06 0.4419714894009047
 
25.3 130.61 0.43092437205351236
 
25.3 139.75 0.42634274757569174
 
25.3 149.53 0.437207101687076
 
25.3 161.55 0.44059466140418174
 
25.3 176.08 0.42685682050890794
 
25.3 191.93 0.42066691935439443
 
25.3 209.2 0.40981857587163606
 
25.3 228.03 0.40078721582579835
 
25.3 248.56 0.39138383833139134
 
25.3 270.93 0.38272031584076177
 
25.3 295.31 0.37520463330081094
 
25.3 321.88 0.36877122647237115
 
25.3 350.85 0.36105064687333455
 
25.3 384.26 0.3562463593827719
 
25.3 422.69 0.35058535966057613
 
39.16 10.63 0.3828701122278402
 
39.16 11.95 0.4188686363142835
 
39.16 13.44 0.44631006770561876
 
39.16 15.12 0.47109045718308207
 
39.16 17.01 0.5012373572932621
 
39.16 19.14 0.5449716454081693
 
39.16 21.86 0.582130123095784
 
39.16 25.3 0.6129939431214728
 
39.16 39.16 1.0
 
39.16 41.12 0.6041481385523598
 
39.16 43.17 0.596568204712372
 
39.16 45.33 0.5944134301498831
 
39.16 47.59 0.5758849830156707
 
39.16 49.97 0.5711371201316519
 
39.16 52.73 0.5656037106427362
 
39.16 55.89 0.593843264307854
 
39.16 59.25 0.5772753657738802
 
39.16 62.8 0.5626873970316593
 
39.16 66.57 0.5449827804285547
 
39.16 70.57 0.5283013273428901
 
39.16 74.8 0.5136757274773819
 
39.16 79.28 0.500433038271355
 
39.16 84.04 0.5165830127054619
 
39.16 89.09 0.5097704460203162
 
39.16 94.43 0.4957048585095803
 
39.16 100.1 0.4910017636327771
 
39.16 106.62 0.475107391629705
 
39.16 114.08 0.4613854478746376
 
39.16 122.06 0.4476954940033814
 
39.16 130.61 0.4354045813305753
 
39.16 139.75 0.4296887439958265
 
39.16 149.53 0.42238963527302426
 
39.16 161.55 0.42446487001402505
 
39.16 176.08 0.4087140555417939
 
39.16 191.93 0.4015945412674579
 
39.16 209.2 0.3889198838558988
 
39.16 228.03 0.3793216580412343
 
39.16 248.56 0.3706956934216957
 
39.16 270.93 0.36165814067537494
 
39.16 295.31 0.35380044319577053
 
39.16 321.88 0.3458558246304433
 
39.16 350.85 0.3379803510172051
 
39.16 384.26 0.332875599954531
 
39.16 422.69 0.32701356883477584
 
41.12 10.63 0.36488998112881965
 
41.12 11.95 0.39870449878790215
 
41.12 13.44 0.42430974788891646
 
41.12 15.12 0.447365365769515
 
41.12 17.01 0.4755457378470004
 
41.12 19.14 0.5167094930777589
 
41.12 21.86 0.5518669802496619
 
41.12 25.3 0.5816798825674674
 
41.12 39.16 0.6041481385523598
 
41.12 41.12 1.0
 
41.12 43.17 0.5795539854101444
 
41.12 45.33 0.5789903752299508
 
41.12 47.59 0.5621926180257217
 
41.12 49.97 0.5585974747913977
 
41.12 52.73 0.5540369965864299
 
41.12 55.89 0.5825132310813482
 
41.12 59.25 0.5668559679834668
 
41.12 62.8 0.5529427148510768
 
41.12 66.57 0.5358067258338267
 
41.12 70.57 0.519547799657268
 
41.12 74.8 0.5052106122916912
 
41.12 79.28 0.4921574178763418
 
41.12 84.04 0.5079480884079532
 
41.12 89.09 0.5011082687509217
 
41.12 94.43 0.4871061470465048
 
41.12 100.1 0.4822805218859899
 
41.12 106.62 0.46635201776040003
 
41.12 114.08 0.4526840426181026
 
41.12 122.06 0.4389796203040967
 
41.12 130.61 0.42665548481225724
 
41.12 139.75 0.42078336294045804
 
41.12 149.53 0.41350121544877017
 
41.12 161.55 0.41522697611421155
 
41.12 176.08 0.39954192152474516
 
41.12 191.93 0.39227821554004
 
41.12 209.2 0.3796513877310293
 
41.12 228.03 0.3700203607843237
 
41.12 248.56 0.3613358094100952
 
41.12 270.93 0.3523076054479413
 
41.12 295.31 0.34445292152619145
 
41.12 321.88 0.33655798384369845
 
41.12 350.85 0.3287269894899054
 
41.12 384.26 0.32360098050251374
 
41.12 422.69 0.3177496623905541
 
43.17 10.63 0.3570839046212569
 
43.17 11.95 0.38969533080610297
 
43.17 13.44 0.41421352241572984
 
43.17 15.12 0.43621112931013833
 
43.17 17.01 0.46321312772010337
 
43.17 19.14 0.5029178422712558
 
43.17 21.86 0.5369283503171915
 
43.17 25.3 0.5662245145977312
 
43.17 39.16 0.596568204712372
 
43.17 41.12 0.5795539854101444
 
43.17 43.17 1.0
 
43.17 45.33 0.5772332235324635
 
43.17 47.59 0.5619603494315116
 
43.17 49.97 0.5596099221787988
 
43.17 52.73 0.5561013807707804
 
43.17 55.89 0.5856961106247056
 
43.17 59.25 0.570715379895821
 
43.17 62.8 0.5572584821095037
 
43.17 66.57 0.5403659104102059
 
43.17 70.57 0.5242042520355862
 
43.17 74.8 0.5098605204796409
 
43.17 79.28 0.49671928415994204
 
43.17 84.04 0.5126153006941845
 
43.17 89.09 0.5056120672266131
 
43.17 94.43 0.491339588715365
 
43.17 100.1 0.4862916894856474
 
43.17 106.62 0.4699316501481222
 
43.17 114.08 0.4559740803877149
 
43.17 122.06 0.44190543726057996
 
43.17 130.61 0.4292307176949628
 
43.17 139.75 0.4230530958128125
 
43.17 149.53 0.41559953574002495
 
43.17 161.55 0.41702492063112634
 
43.17 176.08 0.400990686850185
 
43.17 191.93 0.393390042902353
 
43.17 209.2 0.38047507917680623
 
43.17 228.03 0.37055414680335436
 
43.17 248.56 0.36157857158017837
 
43.17 270.93 0.3523182728108659
 
43.17 295.31 0.34425634849468856
 
43.17 321.88 0.33620000455354776
 
43.17 350.85 0.3282040413329731
 
43.17 384.26 0.3229192255537433
 
43.17 422.69 0.31692190012999144
 
45.33 10.63 0.35370664651450123
 
45.33 11.95 0.38553656203851344
 
45.33 13.44 0.4092852620158604
 
45.33 15.12 0.43050196221402326
 
45.33 17.01 0.45664804588812097
 
45.33 19.14 0.495343868529689
 
45.33 21.86 0.5285217030135495
 
45.33 25.3 0.5574358643186345
 
45.33 39.16 0.5944134301498831
 
45.33 41.12 0.5789903752299508
 
45.33 43.17 0.5772332235324635
 
45.33 45.33 1.0
 
45.33 47.59 0.566834562054124
 
45.33 49.97 0.5659579279407986
 
45.33 52.73 0.5637265319833117
 
45.33 55.89 0.5949852832679196
 
45.33 59.25 0.5807370231603441
 
45.33 62.8 0.5677681746109108
 
45.33 66.57 0.5510767281749347
 
45.33 70.57 0.534946220094224
 
45.33 74.8 0.5205235596877771
 
45.33 79.28 0.5072136022231181
 
45.33 84.04 0.5234660587230692
 
45.33 89.09 0.5162620860731457
 
45.33 94.43 0.5015804758234665
 
45.33 100.1 0.4962738065212916
 
45.33 106.62 0.47929629326552314
 
45.33 114.08 0.46489112120842935
 
45.33 122.06 0.4502892863222847
 
45.33 130.61 0.4371073062904316
 
45.33 139.75 0.4305442388389867
 
45.33 149.53 0.4228277451956355
 
45.33 161.55 0.4239608361661724
 
45.33 176.08 0.40736998385335516
 
45.33 191.93 0.39932577093777916
 
45.33 209.2 0.38595288891783114
 
45.33 228.03 0.3756075398920609
 
45.33 248.56 0.3662172148009011
 
45.33 270.93 0.356600399256718
 
45.33 295.31 0.3482224347166422
 
45.33 321.88 0.3398982714791896
 
45.33 350.85 0.33163140502471045
 
45.33 384.26 0.32611500820583594
 
45.33 422.69 0.31989094647493
 
47.59 10.63 0.3416053894276715
 
47.59 11.95 0.37189658819962523
 
47.59 13.44 0.39431715360048175
 
47.59 15.12 0.41425078891717093
 
47.59 17.01 0.43890516493603415
 
47.59 19.14 0.47562456763956884
 
47.59 21.86 0.5070834040840225
 
47.59 25.3 0.5347257486776209
 
47.59 39.16 0.5758849830156707
 
47.59 41.12 0.5621926180257217
 
47.59 43.17 0.5619603494315116
 
47.59 45.33 0.566834562054124
 
47.59 47.59 1.0
 
47.59 49.97 0.5562898037897721
 
47.59 52.73 0.5556515435360093
 
47.59 55.89 0.5879512176159069
 
47.59 59.25 0.5750421216240914
 
47.59 62.8 0.5630967104793719
 
47.59 66.57 0.547207830984374
 
47.59 70.57 0.5316639882324357
 
47.59 74.8 0.5176460108215741
 
47.59 79.28 0.504599297827951
 
47.59 84.04 0.5208612704442807
 
47.59 89.09 0.5137004396521067
 
47.59 94.43 0.4990310433885584
 
47.59 100.1 0.4936365894356904
 
47.59 106.62 0.4765005995521899
 
47.59 114.08 0.46203577990297223
 
47.59 122.06 0.4472846240647934
 
47.59 130.61 0.43393733086651287
 
47.59 139.75 0.4271590875292132
 
47.59 149.53 0.4193795617474064
 
47.59 161.55 0.42019039111208784
 
47.59 176.08 0.40345919489365367
 
47.59 191.93 0.3951688692176884
 
47.59 209.2 0.3816705473857401
 
47.59 228.03 0.37115529507602557
 
47.59 248.56 0.3615797091819672
 
47.59 270.93 0.35184301751257246
 
47.59 295.31 0.3433547489443719
 
47.59 321.88 0.3349684529468008
 
47.59 350.85 0.32663470400212047
 
47.59 384.26 0.3210211690527226
 
47.59 422.69 0.31472315433795117
 
49.97 10.63 0.3385166699223892
 
49.97 11.95 0.368094119965001
 
49.97 13.44 0.38980392930985164
 
49.97 15.12 0.40900204365871023
 
49.97 17.01 0.43282778891883616
 
49.97 19.14 0.46853526764292697
 
49.97 21.86 0.49905689805718034
 
49.97 25.3 0.5260192418796596
 
49.97 39.16 0.5711371201316519
 
49.97 41.12 0.5585974747913977
 
49.97 43.17 0.5596099221787988
 
49.97 45.33 0.5659579279407986
 
49.97 47.59 0.5562898037897721
 
49.97 49.97 1.0
 
49.97 52.73 0.5602843656353517
 
49.97 55.89 0.594645879905487
 
49.97 59.25 0.5830239358165028
 
49.97 62.8 0.5720333664878285
 
49.97 66.57 0.5567460755522149
 
49.97 70.57 0.5415611528285655
 
49.97 74.8 0.5277266965149916
 
49.97 79.28 0.5147199148568038
 
49.97 84.04 0.5314903988819167
 
49.97 89.09 0.5242622700148852
 
49.97 94.43 0.5092861841124454
 
49.97 100.1 0.5037094081135836
 
49.97 106.62 0.48600749779235053
 
49.97 114.08 0.47113753778411954
 
49.97 122.06 0.45587304362791203
 
49.97 130.61 0.44202538927809515
 
49.97 139.75 0.4348618924038832
 
49.97 149.53 0.4268238319512911
 
49.97 161.55 0.4273321197754527
 
49.97 176.08 0.4100230571482082
 
49.97 191.93 0.4012645512782955
 
49.97 209.2 0.3872839722433917
 
49.97 228.03 0.3763175532466428
 
49.97 248.56 0.36629867815673345
 
49.97 270.93 0.3561816359681531
 
49.97 295.31 0.3473554550328117
 
49.97 321.88 0.33868366833730357
 
49.97 350.85 0.3300607478899304
 
49.97 384.26 0.3241982760326792
 
49.97 422.69 0.3176572995792026
 
52.73 10.63 0.34561908145233133
 
52.73 11.95 0.375332401631713
 
52.73 13.44 0.39693430098956367
 
52.73 15.12 0.415913323019796
 
52.73 17.01 0.4395504496153896
 
52.73 19.14 0.4752171013945293
 
52.73 21.86 0.5055793959307183
 
52.73 25.3 0.5324808472810626
 
52.73 39.16 0.5656037106427362
 
52.73 41.12 0.5540369965864299
 
52.73 43.17 0.5561013807707804
 
52.73 45.33 0.5637265319833117
 
52.73 47.59 0.5556515435360093
 
52.73 49.97 0.5602843656353517
 
52.73 52.73 1.0
 
52.73 55.89 0.6054298725386811
 
52.73 59.25 0.5955636512046385
 
52.73 62.8 0.5859235285051935
 
52.73 66.57 0.5715231294559774
 
52.73 70.57 0.5569132931152694
 
52.73 74.8 0.5434294674077201
 
52.73 79.28 0.5305851987945319
 
52.73 84.04 0.5482869379638681
 
52.73 89.09 0.5411098569781478
 
52.73 94.43 0.5258177764703692
 
52.73 100.1 0.520136509195635
 
52.73 106.62 0.5078149156398473
 
52.73 114.08 0.4923142348298959
 
52.73 122.06 0.47618074223577855
 
52.73 130.61 0.4614978597772755
 
52.73 139.75 0.4537749440658124
 
52.73 149.53 0.44876416817563164
 
52.73 161.55 0.4489379378098796
 
52.73 176.08 0.4304168600306825
 
52.73 191.93 0.4208346780436158
 
52.73 209.2 0.4058514609772663
 
52.73 228.03 0.3940096375148666
 
52.73 248.56 0.38315228094884174
 
52.73 270.93 0.3722688139852056
 
52.73 295.31 0.362766163795404
 
52.73 321.88 0.35348555898016076
 
52.73 350.85 0.34425062880265067
 
52.73 384.26 0.33790867815317754
 
52.73 422.69 0.3308747085161113
 
55.89 10.63 0.3642067383081178
 
55.89 11.95 0.39497933644381344
 
55.89 13.44 0.41711320124991946
 
55.89 15.12 0.43641165580638125
 
55.89 17.01 0.4605334708509444
 
55.89 19.14 0.49719880930926186
 
55.89 21.86 0.5282229536082446
 
55.89 25.3 0.5557172592027123
 
55.89 39.16 0.593843264307854
 
55.89 41.12 0.5825132310813482
 
55.89 43.17 0.5856961106247056
 
55.89 45.33 0.5949852832679196
 
55.89 47.59 0.5879512176159069
 
55.89 49.97 0.594645879905487
 
55.89 52.73 0.6054298725386811
 
55.89 55.89 1.0
 
55.89 59.25 0.6403072891370772
 
55.89 62.8 0.6321269217524178
 
55.89 66.57 0.6183275522869194
 
55.89 70.57 0.603872599717559
 
55.89 74.8 0.5902763638309991
 
55.89 79.28 0.5770788231282791
 
55.89 84.04 0.5968938322933779
 
55.89 89.09 0.5894510467737001
 
55.89 94.43 0.5730007806661802
 
55.89 100.1 0.5668902139228246
 
55.89 106.62 0.5533786361803302
 
55.89 114.08 0.5364539583119622
 
55.89 122.06 0.5186638575873209
 
55.89 130.61 0.5024064847725249
 
55.89 139.75 0.49369480077653916
 
55.89 149.53 0.4881542942530726
 
55.89 161.55 0.4879322319545404
 
55.89 176.08 0.46741391799054866
 
55.89 191.93 0.4565517658195055
 
55.89 209.2 0.4399169881712647
 
55.89 228.03 0.42666309210742515
 
55.89 248.56 0.4144636994668446
 
55.89 270.93 0.4023274275700051
 
55.89 295.31 0.39172090719962593
 
55.89 321.88 0.3814274571538184
 
55.89 350.85 0.3711764023882292
 
55.89 384.26 0.3640612309379439
 
55.89 422.69 0.35621883740133636
 
59.25 10.63 0.35603730717037696
 
59.25 11.95 0.3856072922404348
 
59.25 13.44 0.40664280150192733
 
59.25 15.12 0.4248332571312794
 
59.25 17.01 0.4476485899535322
 
59.25 19.14 0.4825829938943363
 
59.25 21.86 0.5119197438400009
 
59.25 25.3 0.537853789892341
 
59.25 39.16 0.5772753657738802
 
59.25 41.12 0.5668559679834668
 
59.25 43.17 0.570715379895821
 
59.25 45.33 0.5807370231603441
 
59.25 47.59 0.5750421216240914
 
59.25 49.97 0.5830239358165028
 
59.25 52.73 0.5955636512046385
 
59.25 55.89 0.6403072891370772
 
59.25 59.25 1.0
 
59.25 62.8 0.6300905759429902
 
59.25 66.57 0.6184834964355783
 
59.25 70.57 0.6057326650952067
 
59.25 74.8 0.5934234950230006
 
59.25 79.28 0.5811671334460785
 
59.25 84.04 0.6019134925995889
 
59.25 89.09 0.594970475834153
 
59.25 94.43 0.5787302487682544
 
59.25 100.1 0.5727675376335355
 
59.25 106.62 0.5591440918822499
 
59.25 114.08 0.5421003228590401
 
59.25 122.06 0.523980072643171
 
59.25 130.61 0.5073400713379086
 
59.25 139.75 0.49827282467913475
 
59.25 149.53 0.49262121390272473
 
59.25 161.55 0.4920023538999831
 
59.25 176.08 0.47093384448281267
 
59.25 191.93 0.4595328906881114
 
59.25 209.2 0.442405602963809
 
59.25 228.03 0.42864888095272957
 
59.25 248.56 0.41593649062302146
 
59.25 270.93 0.40338065839105314
 
59.25 295.31 0.39239631596431757
 
59.25 321.88 0.38180135316115454
 
59.25 350.85 0.3712410404721156
 
59.25 384.26 0.3638342196488663
 
59.25 422.69 0.35571965043441384
 
62.8 10.63 0.3495250326922441
 
62.8 11.95 0.37806940000595035
 
62.8 13.44 0.3981484827678415
 
62.8 15.12 0.4153611762335423
 
62.8 17.01 0.4370215464509444
 
62.8 19.14 0.47043086677721785
 
62.8 21.86 0.4982395110398706
 
62.8 25.3 0.5227022610431268
 
62.8 39.16 0.5626873970316593
 
62.8 41.12 0.5529427148510768
 
62.8 43.17 0.5572584821095037
 
62.8 45.33 0.5677681746109108
 
62.8 47.59 0.5630967104793719
 
62.8 49.97 0.5720333664878285
 
62.8 52.73 0.5859235285051935
 
62.8 55.89 0.6321269217524178
 
62.8 59.25 0.6300905759429902
 
62.8 62.8 1.0
 
62.8 66.57 0.6186749354606589
 
62.8 70.57 0.608026358593785
 
62.8 74.8 0.597345216295376
 
62.8 79.28 0.5863160801507928
 
62.8 84.04 0.6083043051545198
 
62.8 89.09 0.6020766114949856
 
62.8 94.43 0.5861933112060007
 
62.8 100.1 0.5805183953075379
 
62.8 106.62 0.5668754576221473
 
62.8 114.08 0.5497654216614882
 
62.8 122.06 0.531332081284647
 
62.8 130.61 0.5143065421421171
 
62.8 139.75 0.5048915936524869
 
62.8 149.53 0.49914336255823827
 
62.8 161.55 0.49814780340280845
 
62.8 176.08 0.47645465927483716
 
62.8 191.93 0.46446878723747337
 
62.8 209.2 0.44677423897117186
 
62.8 228.03 0.4324476819374066
 
62.8 248.56 0.4191552185263154
 
62.8 270.93 0.4061147035418464
 
62.8 295.31 0.3946938201222984
 
62.8 321.88 0.38374238278097283
 
62.8 350.85 0.37281688066910557
 
62.8 384.26 0.3650755851757491
 
62.8 422.69 0.35664368059752233
 
66.57 10.63 0.3413695574840593
 
66.57 11.95 0.36879047564408607
 
66.57 13.44 0.3878599278534058
 
66.57 15.12 0.4040574949465187
 
66.57 17.01 0.424505996342616
 
66.57 19.14 0.45627900067461313
 
66.57 21.86 0.48246133725965706
 
66.57 25.3 0.5053302205305974
 
66.57 39.16 0.5449827804285547
 
66.57 41.12 0.5358067258338267
 
66.57 43.17 0.5403659104102059
 
66.57 45.33 0.5510767281749347
 
66.57 47.59 0.547207830984374
 
66.57 49.97 0.5567460755522149
 
66.57 52.73 0.5715231294559774
 
66.57 55.89 0.6183275522869194
 
66.57 59.25 0.6184834964355783
 
66.57 62.8 0.6186749354606589
 
66.57 66.57 1.0
 
66.57 70.57 0.6047500945058568
 
66.57 74.8 0.5961904245493779
 
66.57 79.28 0.5868299348443023
 
66.57 84.04 0.6102048278245338
 
66.57 89.09 0.6050124390838881
 
66.57 94.43 0.5898240801297415
 
66.57 100.1 0.5846653968809564
 
66.57 106.62 0.5712559900503859
 
66.57 114.08 0.5543202793662628
 
66.57 122.06 0.5357847350298611
 
66.57 130.61 0.5185457754549557
 
66.57 139.75 0.5088910135424399
 
66.57 149.53 0.5031243680091573
 
66.57 161.55 0.501789452260984
 
66.57 176.08 0.47960255839239224
 
66.57 191.93 0.4670985739809915
 
66.57 209.2 0.44892575672959933
 
66.57 228.03 0.4340934055942956
 
66.57 248.56 0.42027406775977383
 
66.57 270.93 0.40680164284800285
 
66.57 295.31 0.3949882690072086
 
66.57 321.88 0.38372411836621495
 
66.57 350.85 0.37247562877060536
 
66.57 384.26 0.3644258551921467
 
66.57 422.69 0.35570666842838117
 
70.57 10.63 0.33401158586693475
 
70.57 11.95 0.36041050702621724
 
70.57 13.44 0.3785578325119534
 
70.57 15.12 0.39382457196158516
 
70.57 17.01 0.4131587034930056
 
70.57 19.14 0.4434236357655074
 
70.57 21.86 0.46808799134420237
 
70.57 25.3 0.4894350527633093
 
70.57 39.16 0.5283013273428901
 
70.57 41.12 0.519547799657268
 
70.57 43.17 0.5242042520355862
 
70.57 45.33 0.534946220094224
 
70.57 47.59 0.5316639882324357
 
70.57 49.97 0.5415611528285655
 
70.57 52.73 0.5569132931152694
 
70.57 55.89 0.603872599717559
 
70.57 59.25 0.6057326650952067
 
70.57 62.8 0.608026358593785
 
70.57 66.57 0.6047500945058568
 
70.57 70.57 1.0
 
70.57 74.8 0.5937163853800563
 
70.57 79.28 0.5864260520862075
 
70.57 84.04 0.611507666443774
 
70.57 89.09 0.6076681993011244
 
70.57 94.43 0.5934463588635998
 
70.57 100.1 0.589029613563975
 
70.57 106.62 0.5760513808591811
 
70.57 114.08 0.5594465012711991
 
70.57 122.06 0.540922614747945
 
70.57 130.61 0.5235494745016062
 
70.57 139.75 0.5137171266566563
 
70.57 149.53 0.5079842330974615
 
70.57 161.55 0.5063549454075452
 
70.57 176.08 0.4836677312075704
 
70.57 191.93 0.4706389435960438
 
70.57 209.2 0.45196092958280354
 
70.57 228.03 0.43659250544407585
 
70.57 248.56 0.4222110040274466
 
70.57 270.93 0.40827142754819
 
70.57 295.31 0.3960320825605491
 
70.57 321.88 0.38442405884463404
 
70.57 350.85 0.37281971230620875
 
70.57 384.26 0.3644343493839857
 
70.57 422.69 0.35539979407705036
 
74.8 10.63 0.3280154654818952
 
74.8 11.95 0.35353510767057206
 
74.8 13.44 0.37087494574946606
 
74.8 15.12 0.3853176614087461
 
74.8 17.01 0.4036649550163467
 
74.8 19.14 0.4325998762282362
 
74.8 21.86 0.45589898165364934
 
74.8 25.3 0.47584398523785926
 
74.8 39.16 0.5136757274773819
 
74.8 41.12 0.5052106122916912
 
74.8 43.17 0.5098605204796409
 
74.8 45.33 0.5205235596877771
 
74.8 47.59 0.5176460108215741
 
74.8 49.97 0.5277266965149916
 
74.8 52.73 0.5434294674077201
 
74.8 55.89 0.5902763638309991
 
74.8 59.25 0.5934234950230006
 
74.8 62.8 0.597345216295376
 
74.8 66.57 0.5961904245493779
 
74.8 70.57 0.5937163853800563
 
74.8 74.8 1.0
 
74.8 79.28 0.5857863685888225
 
74.8 84.04 0.6129642140340625
 
74.8 89.09 0.6108335069276645
 
74.8 94.43 0.5978731395187966
 
74.8 100.1 0.594457798448916
 
74.8 106.62 0.5821293068062517
 
74.8 114.08 0.5660215818080243
 
74.8 122.06 0.5476243683757723
 
74.8 130.61 0.5301928227168831
 
74.8 139.75 0.520248808361782
 
74.8 149.53 0.5146076740716199
 
74.8 161.55 0.5127410871280081
 
74.8 176.08 0.4895186860039194
 
74.8 191.93 0.4759432699319277
 
74.8 209.2 0.4567047988929033
 
74.8 228.03 0.44074532073422856
 
74.8 248.56 0.4257416719482868
 
74.8 270.93 0.41127488493621867
 
74.8 295.31 0.3985536584457217
 
74.8 321.88 0.3865490442870826
 
74.8 350.85 0.37453394181729416
 
74.8 384.26 0.36576954999448574
 
74.8 422.69 0.35637389201947917
 
79.28 10.63 0.3229097526390983
 
79.28 11.95 0.3476499945761487
 
79.28 13.44 0.36426507153369225
 
79.28 15.12 0.37796238429021434
 
79.28 17.01 0.3954162727386753
 
79.28 19.14 0.4231496239738899
 
79.28 21.86 0.44519660070304445
 
79.28 25.3 0.46383059400726384
 
79.28 39.16 0.500433038271355
 
79.28 41.12 0.4921574178763418
 
79.28 43.17 0.49671928415994204
 
79.28 45.33 0.5072136022231181
 
79.28 47.59 0.504599297827951
 
79.28 49.97 0.5147199148568038
 
79.28 52.73 0.5305851987945319
 
79.28 55.89 0.5770788231282791
 
79.28 59.25 0.5811671334460785
 
79.28 62.8 0.5863160801507928
 
79.28 66.57 0.5868299348443023
 
79.28 70.57 0.5864260520862075
 
79.28 74.8 0.5857863685888225
 
79.28 79.28 1.0
 
79.28 84.04 0.6134521395701209
 
79.28 89.09 0.6134440480960343
 
79.28 94.43 0.6021156553132386
 
79.28 100.1 0.6000172854177402
 
79.28 106.62 0.5886261857503944
 
79.28 114.08 0.5732504236847583
 
79.28 122.06 0.555158520947982
 
79.28 130.61 0.5377981960398622
 
79.28 139.75 0.5278455397185295
 
79.28 149.53 0.5223812740460632
 
79.28 161.55 0.520353662294173
 
79.28 176.08 0.4966012742203246
 
79.28 191.93 0.482480617222923
 
79.28 209.2 0.4626526310516644
 
79.28 228.03 0.44606627505487106
 
79.28 248.56 0.4303960802838389
 
79.28 270.93 0.4153564177755755
 
79.28 295.31 0.40210913065605447
 
79.28 321.88 0.3896662890803819
 
79.28 350.85 0.377195920713534
 
79.28 384.26 0.3680156186143203
 
79.28 422.69 0.3582203615236063
 
84.04 10.63 0.3369378010689554
 
84.04 11.95 0.3623703351154036
 
84.04 13.44 0.3792514287065574
 
84.04 15.12 0.39302109720169714
 
84.04 17.01 0.41062115162306556
 
84.04 19.14 0.43879978515167883
 
84.04 21.86 0.46089808044260355
 
84.04 25.3 0.47930693121190965
 
84.04 39.16 0.5165830127054619
 
84.04 41.12 0.5079480884079532
 
84.04 43.17 0.5126153006941845
 
84.04 45.33 0.5234660587230692
 
84.04 47.59 0.5208612704442807
 
84.04 49.97 0.5314903988819167
 
84.04 52.73 0.5482869379638681
 
84.04 55.89 0.5968938322933779
 
84.04 59.25 0.6019134925995889
 
84.04 62.8 0.6083043051545198
 
84.04 66.57 0.6102048278245338
 
84.04 70.57 0.611507666443774
 
84.04 74.8 0.6129642140340625
 
84.04 79.28 0.6134521395701209
 
84.04 84.04 1.0
 
84.04 89.09 0.6504287288041193
 
84.04 94.43 0.6406353401786032
 
84.04 100.1 0.6402040284681291
 
84.04 106.62 0.629521051153431
 
84.04 114.08 0.6143465096894923
 
84.04 122.06 0.5957814624952127
 
84.04 130.61 0.5776804494615633
 
84.04 139.75 0.5672902989656358
 
84.04 149.53 0.561816611857503
 
84.04 161.55 0.5596071927787253
 
84.04 176.08 0.5339539790585905
 
84.04 191.93 0.5184585982459016
 
84.04 209.2 0.49684368555248015
 
84.04 228.03 0.4786057839758128
 
84.04 248.56 0.4612823836196628
 
84.04 270.93 0.44472231648461963
 
84.04 295.31 0.43010771075682797
 
84.04 321.88 0.4164392996316712
 
84.04 350.85 0.4027197762663221
 
84.04 384.26 0.39252903203349493
 
84.04 422.69 0.3817033492585038
 
89.09 10.63 0.3361506270949568
 
89.09 11.95 0.36115885449508706
 
89.09 13.44 0.3775652926572775
 
89.09 15.12 0.39080290748549457
 
89.09 17.01 0.4077750794984573
 
89.09 19.14 0.4351573540168056
 
89.09 21.86 0.4563265854008477
 
89.09 25.3 0.4736791071582557
 
89.09 39.16 0.5097704460203162
 
89.09 41.12 0.5011082687509217
 
89.09 43.17 0.5056120672266131
 
89.09 45.33 0.5162620860731457
 
89.09 47.59 0.5137004396521067
 
89.09 49.97 0.5242622700148852
 
89.09 52.73 0.5411098569781478
 
89.09 55.89 0.5894510467737001
 
89.09 59.25 0.594970475834153
 
89.09 62.8 0.6020766114949856
 
89.09 66.57 0.6050124390838881
 
89.09 70.57 0.6076681993011244
 
89.09 74.8 0.6108335069276645
 
89.09 79.28 0.6134440480960343
 
89.09 84.04 0.6504287288041193
 
89.09 89.09 1.0
 
89.09 94.43 0.6491422997994959
 
89.09 100.1 0.6509652297573834
 
89.09 106.62 0.6420072923767324
 
89.09 114.08 0.6281751616100781
 
89.09 122.06 0.6103282332635963
 
89.09 130.61 0.5925650653632623
 
89.09 139.75 0.5824073526889111
 
89.09 149.53 0.5773446707043477
 
89.09 161.55 0.575187937989025
 
89.09 176.08 0.5488232299358673
 
89.09 191.93 0.5326572016213814
 
89.09 209.2 0.5101892130544191
 
89.09 228.03 0.4910597812813258
 
89.09 248.56 0.47278165762924595
 
89.09 270.93 0.45536619984504867
 
89.09 295.31 0.4399626428675448
 
89.09 321.88 0.4256117910238337
 
89.09 350.85 0.41118205289556947
 
89.09 384.26 0.4003697408559236
 
89.09 422.69 0.38893013856146025
 
94.43 10.63 0.3304761205338365
 
94.43 11.95 0.3547206933299948
 
94.43 13.44 0.370442586149731
 
94.43 15.12 0.38298801708052527
 
94.43 17.01 0.3991224542965808
 
94.43 19.14 0.4253543713627879
 
94.43 21.86 0.4453354579949103
 
94.43 25.3 0.4614265069991538
 
94.43 39.16 0.4957048585095803
 
94.43 41.12 0.4871061470465048
 
94.43 43.17 0.491339588715365
 
94.43 45.33 0.5015804758234665
 
94.43 47.59 0.4990310433885584
 
94.43 49.97 0.5092861841124454
 
94.43 52.73 0.5258177764703692
 
94.43 55.89 0.5730007806661802
 
94.43 59.25 0.5787302487682544
 
94.43 62.8 0.5861933112060007
 
94.43 66.57 0.5898240801297415
 
94.43 70.57 0.5934463588635998
 
94.43 74.8 0.5978731395187966
 
94.43 79.28 0.6021156553132386
 
94.43 84.04 0.6406353401786032
 
94.43 89.09 0.6491422997994959
 
94.43 94.43 1.0
 
94.43 100.1 0.6496657228166836
 
94.43 106.62 0.6430888773312664
 
94.43 114.08 0.6312775720438353
 
94.43 122.06 0.6148237336792479
 
94.43 130.61 0.597992735211825
 
94.43 139.75 0.5884735890173557
 
94.43 149.53 0.5840951220743793
 
94.43 161.55 0.5822019972978714
 
94.43 176.08 0.5556596916496611
 
94.43 191.93 0.5391541402410522
 
94.43 209.2 0.5162199507015262
 
94.43 228.03 0.4965069738625087
 
94.43 248.56 0.47754685746923575
 
94.43 270.93 0.4595264234044244
 
94.43 295.31 0.44354704625274255
 
94.43 321.88 0.4287097092317402
 
94.43 350.85 0.41376064117010874
 
94.43 384.26 0.4024635635996422
 
94.43 422.69 0.3905546397253505
 
100.1 10.63 0.3309351645518487
 
100.1 11.95 0.35488688089804177
 
100.1 13.44 0.37024069116625735
 
100.1 15.12 0.3823547324818504
 
100.1 17.01 0.3979829704478468
 
100.1 19.14 0.42359001995160694
 
100.1 21.86 0.4427970985423955
 
100.1 25.3 0.4579686275581487
 
100.1 39.16 0.4910017636327771
 
100.1 41.12 0.4822805218859899
 
100.1 43.17 0.4862916894856474
 
100.1 45.33 0.4962738065212916
 
100.1 47.59 0.4936365894356904
 
100.1 49.97 0.5037094081135836
 
100.1 52.73 0.520136509195635
 
100.1 55.89 0.5668902139228246
 
100.1 59.25 0.5727675376335355
 
100.1 62.8 0.5805183953075379
 
100.1 66.57 0.5846653968809564
 
100.1 70.57 0.589029613563975
 
100.1 74.8 0.594457798448916
 
100.1 79.28 0.6000172854177402
 
100.1 84.04 0.6402040284681291
 
100.1 89.09 0.6509652297573834
 
100.1 94.43 0.6496657228166836
 
100.1 100.1 1.0
 
100.1 106.62 0.6536447291813399
 
100.1 114.08 0.6441916797477226
 
100.1 122.06 0.6293213123310033
 
100.1 130.61 0.6135178297708195
 
100.1 139.75 0.6047790443963894
 
100.1 149.53 0.6012511371372128
 
100.1 161.55 0.5998144969035748
 
100.1 176.08 0.5727933560710103
 
100.1 191.93 0.5557670801270802
 
100.1 209.2 0.5320197722480915
 
100.1 228.03 0.5113982093172655
 
100.1 248.56 0.4914159715026987
 
100.1 270.93 0.4724545036751968
 
100.1 295.31 0.45559060419155767
 
100.1 321.88 0.439976192684057
 
100.1 350.85 0.42420703686492806
 
100.1 384.26 0.41219061784712735
 
100.1 422.69 0.3995643417801455
 
106.62 10.63 0.3386520887726097
 
106.62 11.95 0.36287210970130385
 
106.62 13.44 0.3782370493691991
 
106.62 15.12 0.3902338090062688
 
106.62 17.01 0.4057550150071208
 
106.62 19.14 0.43136853948063214
 
106.62 21.86 0.45030575242032916
 
106.62 25.3 0.46498503047358425
 
106.62 39.16 0.475107391629705
 
106.62 41.12 0.46635201776040003
 
106.62 43.17 0.4699316501481222
 
106.62 45.33 0.47929629326552314
 
106.62 47.59 0.4765005995521899
 
106.62 49.97 0.48600749779235053
 
106.62 52.73 0.5078149156398473
 
106.62 55.89 0.5533786361803302
 
106.62 59.25 0.5591440918822499
 
106.62 62.8 0.5668754576221473
 
106.62 66.57 0.5712559900503859
 
106.62 70.57 0.5760513808591811
 
106.62 74.8 0.5821293068062517
 
106.62 79.28 0.5886261857503944
 
106.62 84.04 0.629521051153431
 
106.62 89.09 0.6420072923767324
 
106.62 94.43 0.6430888773312664
 
106.62 100.1 0.6536447291813399
 
106.62 106.62 1.0
 
106.62 114.08 0.66155771046243
 
106.62 122.06 0.6489452820848861
 
106.62 130.61 0.6346629951408218
 
106.62 139.75 0.6271140964299583
 
106.62 149.53 0.633744166391741
 
106.62 161.55 0.6329890837666518
 
106.62 176.08 0.6050447464483082
 
106.62 191.93 0.587082517892127
 
106.62 209.2 0.5619502474768372
 
106.62 228.03 0.539766756422823
 
106.62 248.56 0.5179893623411356
 
106.62 270.93 0.49742775833099034
 
106.62 295.31 0.4790684780089041
 
106.62 321.88 0.4621950377795569
 
106.62 350.85 0.4450310461671421
 
106.62 384.26 0.43181395684232166
 
106.62 422.69 0.41797995250163217
 
114.08 10.63 0.333672759888048
 
114.08 11.95 0.35723813818442873
 
114.08 13.44 0.37202026827877765
 
114.08 15.12 0.38342911916057654
 
114.08 17.01 0.3982362461678071
 
114.08 19.14 0.4228633971844668
 
114.08 21.86 0.4407785338607712
 
114.08 25.3 0.454359544529177
 
114.08 39.16 0.4613854478746376
 
114.08 41.12 0.4526840426181026
 
114.08 43.17 0.4559740803877149
 
114.08 45.33 0.46489112120842935
 
114.08 47.59 0.46203577990297223
 
114.08 49.97 0.47113753778411954
 
114.08 52.73 0.4923142348298959
 
114.08 55.89 0.5364539583119622
 
114.08 59.25 0.5421003228590401
 
114.08 62.8 0.5497654216614882
 
114.08 66.57 0.5543202793662628
 
114.08 70.57 0.5594465012711991
 
114.08 74.8 0.5660215818080243
 
114.08 79.28 0.5732504236847583
 
114.08 84.04 0.6143465096894923
 
114.08 89.09 0.6281751616100781
 
114.08 94.43 0.6312775720438353
 
114.08 100.1 0.6441916797477226
 
114.08 106.62 0.66155771046243
 
114.08 114.08 1.0
 
114.08 122.06 0.6510549584140853
 
114.08 130.61 0.6395027434273501
 
114.08 139.75 0.6340051334987027
 
114.08 149.53 0.6431784987413832
 
114.08 161.55 0.643704876761741
 
114.08 176.08 0.6162901359027217
 
114.08 191.93 0.5983251268164225
 
114.08 209.2 0.5728709817215576
 
114.08 228.03 0.549983769129082
 
114.08 248.56 0.5271763939736039
 
114.08 270.93 0.5057048167550112
 
114.08 295.31 0.48643638569363007
 
114.08 321.88 0.4688326794952627
 
114.08 350.85 0.4507908503739891
 
114.08 384.26 0.43674816114132164
 
114.08 422.69 0.42209822487944887
 
122.06 10.63 0.32759301912976574
 
122.06 11.95 0.35040622313701575
 
122.06 13.44 0.3645333393134748
 
122.06 15.12 0.37528969674302187
 
122.06 17.01 0.38930185062507067
 
122.06 19.14 0.41282035005834794
 
122.06 21.86 0.4296018591988934
 
122.06 25.3 0.4419714894009047
 
122.06 39.16 0.4476954940033814
 
122.06 41.12 0.4389796203040967
 
122.06 43.17 0.44190543726057996
 
122.06 45.33 0.4502892863222847
 
122.06 47.59 0.4472846240647934
 
122.06 49.97 0.45587304362791203
 
122.06 52.73 0.47618074223577855
 
122.06 55.89 0.5186638575873209
 
122.06 59.25 0.523980072643171
 
122.06 62.8 0.531332081284647
 
122.06 66.57 0.5357847350298611
 
122.06 70.57 0.540922614747945
 
122.06 74.8 0.5476243683757723
 
122.06 79.28 0.555158520947982
 
122.06 84.04 0.5957814624952127
 
122.06 89.09 0.6103282332635963
 
122.06 94.43 0.6148237336792479
 
122.06 100.1 0.6293213123310033
 
122.06 106.62 0.6489452820848861
 
122.06 114.08 0.6510549584140853
 
122.06 122.06 1.0
 
122.06 130.61 0.6384226387580536
 
122.06 139.75 0.6357559712768984
 
122.06 149.53 0.6474686471314001
 
122.06 161.55 0.649959603843138
 
122.06 176.08 0.6237933205967459
 
122.06 191.93 0.606448619990529
 
122.06 209.2 0.5811283968362477
 
122.06 228.03 0.5579732531528812
 
122.06 248.56 0.5345745744201096
 
122.06 270.93 0.5124795846992845
 
122.06 295.31 0.4925336545630155
 
122.06 321.88 0.4743137231383893
 
122.06 350.85 0.45555753591964276
 
122.06 384.26 0.440826256446695
 
122.06 422.69 0.4254832956950586
 
130.61 10.63 0.32223839199441123
 
130.61 11.95 0.3443791488727797
 
130.61 13.44 0.35791747383513123
 
130.61 15.12 0.3680853807983448
 
130.61 17.01 0.38138087514850155
 
130.61 19.14 0.4039016948403996
 
130.61 21.86 0.4196574345171329
 
130.61 25.3 0.43092437205351236
 
130.61 39.16 0.4354045813305753
 
130.61 41.12 0.42665548481225724
 
130.61 43.17 0.4292307176949628
 
130.61 45.33 0.4371073062904316
 
130.61 47.59 0.43393733086651287
 
130.61 49.97 0.44202538927809515
 
130.61 52.73 0.4614978597772755
 
130.61 55.89 0.5024064847725249
 
130.61 59.25 0.5073400713379086
 
130.61 62.8 0.5143065421421171
 
130.61 66.57 0.5185457754549557
 
130.61 70.57 0.5235494745016062
 
130.61 74.8 0.5301928227168831
 
130.61 79.28 0.5377981960398622
 
130.61 84.04 0.5776804494615633
 
130.61 89.09 0.5925650653632623
 
130.61 94.43 0.597992735211825
 
130.61 100.1 0.6135178297708195
 
130.61 106.62 0.6346629951408218
 
130.61 114.08 0.6395027434273501
 
130.61 122.06 0.6384226387580536
 
130.61 130.61 1.0
 
130.61 139.75 0.6355951346849695
 
130.61 149.53 0.6504121671027797
 
130.61 161.55 0.6555295480403301
 
130.61 176.08 0.6312201590659926
 
130.61 191.93 0.6149537596867171
 
130.61 209.2 0.5900872261321616
 
130.61 228.03 0.5668805679588353
 
130.61 248.56 0.5430207508112339
 
130.61 270.93 0.5203722554997138
 
130.61 295.31 0.49977727178178555
 
130.61 321.88 0.4809438854875823
 
130.61 350.85 0.46144858750352946
 
130.61 384.26 0.4459980237524668
 
130.61 422.69 0.4299180242122842
 
139.75 10.63 0.3214990138953319
 
139.75 11.95 0.34330788651393024
 
139.75 13.44 0.35647939925073985
 
139.75 15.12 0.36623685580875887
 
139.75 17.01 0.3790442469420946
 
139.75 19.14 0.4009375576199107
 
139.75 21.86 0.4159506022904733
 
139.75 25.3 0.42634274757569174
 
139.75 39.16 0.4296887439958265
 
139.75 41.12 0.42078336294045804
 
139.75 43.17 0.4230530958128125
 
139.75 45.33 0.4305442388389867
 
139.75 47.59 0.4271590875292132
 
139.75 49.97 0.4348618924038832
 
139.75 52.73 0.4537749440658124
 
139.75 55.89 0.49369480077653916
 
139.75 59.25 0.49827282467913475
 
139.75 62.8 0.5048915936524869
 
139.75 66.57 0.5088910135424399
 
139.75 70.57 0.5137171266566563
 
139.75 74.8 0.520248808361782
 
139.75 79.28 0.5278455397185295
 
139.75 84.04 0.5672902989656358
 
139.75 89.09 0.5824073526889111
 
139.75 94.43 0.5884735890173557
 
139.75 100.1 0.6047790443963894
 
139.75 106.62 0.6271140964299583
 
139.75 114.08 0.6340051334987027
 
139.75 122.06 0.6357559712768984
 
139.75 130.61 0.6355951346849695
 
139.75 139.75 1.0
 
139.75 149.53 0.6593640794468462
 
139.75 161.55 0.6679714467648095
 
139.75 176.08 0.6459897127452778
 
139.75 191.93 0.6311921033049693
 
139.75 209.2 0.606899791332851
 
139.75 228.03 0.5836524696467323
 
139.75 248.56 0.559224290893649
 
139.75 270.93 0.5358510230614145
 
139.75 295.31 0.5144052732936798
 
139.75 321.88 0.4947432455797925
 
139.75 350.85 0.4742489673406431
 
139.75 384.26 0.4578584790781106
 
139.75 422.69 0.44079531797034255
 
149.53 10.63 0.3310440805258245
 
149.53 11.95 0.35336218096812955
 
149.53 13.44 0.3667588581189353
 
149.53 15.12 0.376613887288615
 
149.53 17.01 0.38957351153245773
 
149.53 19.14 0.41182899027052056
 
149.53 21.86 0.4269333062117857
 
149.53 25.3 0.437207101687076
 
149.53 39.16 0.42238963527302426
 
149.53 41.12 0.41350121544877017
 
149.53 43.17 0.41559953574002495
 
149.53 45.33 0.4228277451956355
 
149.53 47.59 0.4193795617474064
 
149.53 49.97 0.4268238319512911
 
149.53 52.73 0.44876416817563164
 
149.53 55.89 0.4881542942530726
 
149.53 59.25 0.49262121390272473
 
149.53 62.8 0.49914336255823827
 
149.53 66.57 0.5031243680091573
 
149.53 70.57 0.5079842330974615
 
149.53 74.8 0.5146076740716199
 
149.53 79.28 0.5223812740460632
 
149.53 84.04 0.561816611857503
 
149.53 89.09 0.5773446707043477
 
149.53 94.43 0.5840951220743793
 
149.53 100.1 0.6012511371372128
 
149.53 106.62 0.633744166391741
 
149.53 114.08 0.6431784987413832
 
149.53 122.06 0.6474686471314001
 
149.53 130.61 0.6504121671027797
 
149.53 139.75 0.6593640794468462
 
149.53 149.53 1.0
 
149.53 161.55 0.7043233852654502
 
149.53 176.08 0.6850503666697255
 
149.53 191.93 0.6716551184977188
 
149.53 209.2 0.6475444954208849
 
149.53 228.03 0.6233362868202846
 
149.53 248.56 0.5968803058535105
 
149.53 270.93 0.5715864740382994
 
149.53 295.31 0.5481012021321212
 
149.53 321.88 0.5267648682384113
 
149.53 350.85 0.5040707683555582
 
149.53 384.26 0.48566976630889935
 
149.53 422.69 0.4665275718489594
 
161.55 10.63 0.3365651021612859
 
161.55 11.95 0.35895035934777414
 
161.55 13.44 0.3722062805584611
 
161.55 15.12 0.3818058947798075
 
161.55 17.01 0.3944854155227303
 
161.55 19.14 0.4164872191209528
 
161.55 21.86 0.43107552808560246
 
161.55 25.3 0.44059466140418174
 
161.55 39.16 0.42446487001402505
 
161.55 41.12 0.41522697611421155
 
161.55 43.17 0.41702492063112634
 
161.55 45.33 0.4239608361661724
 
161.55 47.59 0.42019039111208784
 
161.55 49.97 0.4273321197754527
 
161.55 52.73 0.4489379378098796
 
161.55 55.89 0.4879322319545404
 
161.55 59.25 0.4920023538999831
 
161.55 62.8 0.49814780340280845
 
161.55 66.57 0.501789452260984
 
161.55 70.57 0.5063549454075452
 
161.55 74.8 0.5127410871280081
 
161.55 79.28 0.520353662294173
 
161.55 84.04 0.5596071927787253
 
161.55 89.09 0.575187937989025
 
161.55 94.43 0.5822019972978714
 
161.55 100.1 0.5998144969035748
 
161.55 106.62 0.6329890837666518
 
161.55 114.08 0.643704876761741
 
161.55 122.06 0.649959603843138
 
161.55 130.61 0.6555295480403301
 
161.55 139.75 0.6679714467648095
 
161.55 149.53 0.7043233852654502
 
161.55 161.55 1.0
 
161.55 176.08 0.71039734668547
 
161.55 191.93 0.7007815420566699
 
161.55 209.2 0.6786754131345498
 
161.55 228.03 0.6552589955714169
 
161.55 248.56 0.628512265560131
 
161.55 270.93 0.602452856784947
 
161.55 295.31 0.5778532429209836
 
161.55 321.88 0.555318865723496
 
161.55 350.85 0.531050615923713
 
161.55 384.26 0.5111577146341711
 
161.55 422.69 0.49038752881150227
 
176.08 10.63 0.32883221391912365
 
176.08 11.95 0.3504210492281284
 
176.08 13.44 0.3630356211502946
 
176.08 15.12 0.3720264366579379
 
176.08 17.01 0.383955557866561
 
176.08 19.14 0.4048735648646989
 
176.08 21.86 0.4184154158824919
 
176.08 25.3 0.42685682050890794
 
176.08 39.16 0.4087140555417939
 
176.08 41.12 0.39954192152474516
 
176.08 43.17 0.400990686850185
 
176.08 45.33 0.40736998385335516
 
176.08 47.59 0.40345919489365367
 
176.08 49.97 0.4100230571482082
 
176.08 52.73 0.4304168600306825
 
176.08 55.89 0.46741391799054866
 
176.08 59.25 0.47093384448281267
 
176.08 62.8 0.47645465927483716
 
176.08 66.57 0.47960255839239224
 
176.08 70.57 0.4836677312075704
 
176.08 74.8 0.4895186860039194
 
176.08 79.28 0.4966012742203246
 
176.08 84.04 0.5339539790585905
 
176.08 89.09 0.5488232299358673
 
176.08 94.43 0.5556596916496611
 
176.08 100.1 0.5727933560710103
 
176.08 106.62 0.6050447464483082
 
176.08 114.08 0.6162901359027217
 
176.08 122.06 0.6237933205967459
 
176.08 130.61 0.6312201590659926
 
176.08 139.75 0.6459897127452778
 
176.08 149.53 0.6850503666697255
 
176.08 161.55 0.71039734668547
 
176.08 176.08 1.0
 
176.08 191.93 0.7011157153132532
 
176.08 209.2 0.6836686345051394
 
176.08 228.03 0.6631917340172735
 
176.08 248.56 0.637925866644408
 
176.08 270.93 0.6125935700636381
 
176.08 295.31 0.5880691809443354
 
176.08 321.88 0.5653567226754695
 
176.08 350.85 0.5403722144442008
 
176.08 384.26 0.5196033266938967
 
176.08 422.69 0.497778095157247
 
191.93 10.63 0.3268684369553354
 
191.93 11.95 0.34804354084650696
 
191.93 13.44 0.36024308847112035
 
191.93 15.12 0.3687889644377699
 
191.93 17.01 0.3801845425173606
 
191.93 19.14 0.40039552874911066
 
191.93 21.86 0.4131407426268581
 
191.93 25.3 0.42066691935439443
 
191.93 39.16 0.4015945412674579
 
191.93 41.12 0.39227821554004
 
191.93 43.17 0.393390042902353
 
191.93 45.33 0.39932577093777916
 
191.93 47.59 0.3951688692176884
 
191.93 49.97 0.4012645512782955
 
191.93 52.73 0.4208346780436158
 
191.93 55.89 0.4565517658195055
 
191.93 59.25 0.4595328906881114
 
191.93 62.8 0.46446878723747337
 
191.93 66.57 0.4670985739809915
 
191.93 70.57 0.4706389435960438
 
191.93 74.8 0.4759432699319277
 
191.93 79.28 0.482480617222923
 
191.93 84.04 0.5184585982459016
 
191.93 89.09 0.5326572016213814
 
191.93 94.43 0.5391541402410522
 
191.93 100.1 0.5557670801270802
 
191.93 106.62 0.587082517892127
 
191.93 114.08 0.5983251268164225
 
191.93 122.06 0.606448619990529
 
191.93 130.61 0.6149537596867171
 
191.93 139.75 0.6311921033049693
 
191.93 149.53 0.6716551184977188
 
191.93 161.55 0.7007815420566699
 
191.93 176.08 0.7011157153132532
 
191.93 191.93 1.0
 
191.93 209.2 0.6943302969367786
 
191.93 228.03 0.678122630045379
 
191.93 248.56 0.6553684273973213
 
191.93 270.93 0.6313993844003561
 
191.93 295.31 0.6073446826052813
 
191.93 321.88 0.584603920878678
 
191.93 350.85 0.5589255976900785
 
191.93 384.26 0.5372642443164579
 
191.93 422.69 0.5142552030626937
 
209.2 10.63 0.3207934438490703
 
209.2 11.95 0.3413380356092954
 
209.2 13.44 0.3530282522729544
 
209.2 15.12 0.3610898318028946
 
209.2 17.01 0.3718890305298403
 
209.2 19.14 0.3912400720238012
 
209.2 21.86 0.40315266393605903
 
209.2 25.3 0.40981857587163606
 
209.2 39.16 0.3889198838558988
 
209.2 41.12 0.3796513877310293
 
209.2 43.17 0.38047507917680623
 
209.2 45.33 0.38595288891783114
 
209.2 47.59 0.3816705473857401
 
209.2 49.97 0.3872839722433917
 
209.2 52.73 0.4058514609772663
 
209.2 55.89 0.4399169881712647
 
209.2 59.25 0.442405602963809
 
209.2 62.8 0.44677423897117186
 
209.2 66.57 0.44892575672959933
 
209.2 70.57 0.45196092958280354
 
209.2 74.8 0.4567047988929033
 
209.2 79.28 0.4626526310516644
 
209.2 84.04 0.49684368555248015
 
209.2 89.09 0.5101892130544191
 
209.2 94.43 0.5162199507015262
 
209.2 100.1 0.5320197722480915
 
209.2 106.62 0.5619502474768372
 
209.2 114.08 0.5728709817215576
 
209.2 122.06 0.5811283968362477
 
209.2 130.61 0.5900872261321616
 
209.2 139.75 0.606899791332851
 
209.2 149.53 0.6475444954208849
 
209.2 161.55 0.6786754131345498
 
209.2 176.08 0.6836686345051394
 
209.2 191.93 0.6943302969367786
 
209.2 209.2 1.0
 
209.2 228.03 0.6809481532192219
 
209.2 248.56 0.6623870095245559
 
209.2 270.93 0.6411725763717664
 
209.2 295.31 0.6186718322655766
 
209.2 321.88 0.5967849567131902
 
209.2 350.85 0.571067019229373
 
209.2 384.26 0.5489774070947362
 
209.2 422.69 0.5251450628525681
 
228.03 10.63 0.31607694298319305
 
228.03 11.95 0.3360836702551826
 
228.03 13.44 0.347321058731584
 
228.03 15.12 0.35494084372181123
 
228.03 17.01 0.36519960320564837
 
228.03 19.14 0.38378582117111243
 
228.03 21.86 0.3949328907291115
 
228.03 25.3 0.40078721582579835
 
228.03 39.16 0.3793216580412343
 
228.03 41.12 0.3700203607843237
 
228.03 43.17 0.37055414680335436
 
228.03 45.33 0.3756075398920609
 
228.03 47.59 0.37115529507602557
 
228.03 49.97 0.3763175532466428
 
228.03 52.73 0.3940096375148666
 
228.03 55.89 0.42666309210742515
 
228.03 59.25 0.42864888095272957
 
228.03 62.8 0.4324476819374066
 
228.03 66.57 0.4340934055942956
 
228.03 70.57 0.43659250544407585
 
228.03 74.8 0.44074532073422856
 
228.03 79.28 0.44606627505487106
 
228.03 84.04 0.4786057839758128
 
228.03 89.09 0.4910597812813258
 
228.03 94.43 0.4965069738625087
 
228.03 100.1 0.5113982093172655
 
228.03 106.62 0.539766756422823
 
228.03 114.08 0.549983769129082
 
228.03 122.06 0.5579732531528812
 
228.03 130.61 0.5668805679588353
 
228.03 139.75 0.5836524696467323
 
228.03 149.53 0.6233362868202846
 
228.03 161.55 0.6552589955714169
 
228.03 176.08 0.6631917340172735
 
228.03 191.93 0.678122630045379
 
228.03 209.2 0.6809481532192219
 
228.03 228.03 1.0
 
228.03 248.56 0.6661351856142889
 
228.03 270.93 0.6491920690881557
 
228.03 295.31 0.6294553422355355
 
228.03 321.88 0.6092817145553645
 
228.03 350.85 0.5842208500112698
 
228.03 384.26 0.562236072783868
 
228.03 422.69 0.5379579926069823
 
248.56 10.63 0.3109773064406748
 
248.56 11.95 0.3304301452623336
 
248.56 13.44 0.34121112255637315
 
248.56 15.12 0.34839170441352196
 
248.56 17.01 0.35811186073460133
 
248.56 19.14 0.37592900409246277
 
248.56 21.86 0.38631998974957193
 
248.56 25.3 0.39138383833139134
 
248.56 39.16 0.3706956934216957
 
248.56 41.12 0.3613358094100952
 
248.56 43.17 0.36157857158017837
 
248.56 45.33 0.3662172148009011
 
248.56 47.59 0.3615797091819672
 
248.56 49.97 0.36629867815673345
 
248.56 52.73 0.38315228094884174
 
248.56 55.89 0.4144636994668446
 
248.56 59.25 0.41593649062302146
 
248.56 62.8 0.4191552185263154
 
248.56 66.57 0.42027406775977383
 
248.56 70.57 0.4222110040274466
 
248.56 74.8 0.4257416719482868
 
248.56 79.28 0.4303960802838389
 
248.56 84.04 0.4612823836196628
 
248.56 89.09 0.47278165762924595
 
248.56 94.43 0.47754685746923575
 
248.56 100.1 0.4914159715026987
 
248.56 106.62 0.5179893623411356
 
248.56 114.08 0.5271763939736039
 
248.56 122.06 0.5345745744201096
 
248.56 130.61 0.5430207508112339
 
248.56 139.75 0.559224290893649
 
248.56 149.53 0.5968803058535105
 
248.56 161.55 0.628512265560131
 
248.56 176.08 0.637925866644408
 
248.56 191.93 0.6553684273973213
 
248.56 209.2 0.6623870095245559
 
248.56 228.03 0.6661351856142889
 
248.56 248.56 1.0
 
248.56 270.93 0.6503226712307756
 
248.56 295.31 0.6348947330611561
 
248.56 321.88 0.6176239046010248
 
248.56 350.85 0.5942643804541151
 
248.56 384.26 0.5732199043455913
 
248.56 422.69 0.5491630388630641
 
270.93 10.63 0.3060361736003308
 
270.93 11.95 0.3249874437209028
 
270.93 13.44 0.3353680358855079
 
270.93 15.12 0.3421712212466303
 
270.93 17.01 0.3514263768807446
 
270.93 19.14 0.368569903698893
 
270.93 21.86 0.37831622334634135
 
270.93 25.3 0.38272031584076177
 
270.93 39.16 0.36165814067537494
 
270.93 41.12 0.3523076054479413
 
270.93 43.17 0.3523182728108659
 
270.93 45.33 0.356600399256718
 
270.93 47.59 0.35184301751257246
 
270.93 49.97 0.3561816359681531
 
270.93 52.73 0.3722688139852056
 
270.93 55.89 0.4023274275700051
 
270.93 59.25 0.40338065839105314
 
270.93 62.8 0.4061147035418464
 
270.93 66.57 0.40680164284800285
 
270.93 70.57 0.40827142754819
 
270.93 74.8 0.41127488493621867
 
270.93 79.28 0.4153564177755755
 
270.93 84.04 0.44472231648461963
 
270.93 89.09 0.45536619984504867
 
270.93 94.43 0.4595264234044244
 
270.93 100.1 0.4724545036751968
 
270.93 106.62 0.49742775833099034
 
270.93 114.08 0.5057048167550112
 
270.93 122.06 0.5124795846992845
 
270.93 130.61 0.5203722554997138
 
270.93 139.75 0.5358510230614145
 
270.93 149.53 0.5715864740382994
 
270.93 161.55 0.602452856784947
 
270.93 176.08 0.6125935700636381
 
270.93 191.93 0.6313993844003561
 
270.93 209.2 0.6411725763717664
 
270.93 228.03 0.6491920690881557
 
270.93 248.56 0.6503226712307756
 
270.93 270.93 1.0
 
270.93 295.31 0.637069043767611
 
270.93 321.88 0.6240061446687732
 
270.93 350.85 0.6033251729174892
 
270.93 384.26 0.5839576123385831
 
270.93 422.69 0.5606367459799405
 
295.31 10.63 0.30179762319858106
 
295.31 11.95 0.32031168857708675
 
295.31 13.44 0.33034065888627223
 
295.31 15.12 0.33681085221028545
 
295.31 17.01 0.3456563533060091
 
295.31 19.14 0.36220865600283475
 
295.31 21.86 0.37138578009533374
 
295.31 25.3 0.37520463330081094
 
295.31 39.16 0.35380044319577053
 
295.31 41.12 0.34445292152619145
 
295.31 43.17 0.34425634849468856
 
295.31 45.33 0.3482224347166422
 
295.31 47.59 0.3433547489443719
 
295.31 49.97 0.3473554550328117
 
295.31 52.73 0.362766163795404
 
295.31 55.89 0.39172090719962593
 
295.31 59.25 0.39239631596431757
 
295.31 62.8 0.3946938201222984
 
295.31 66.57 0.3949882690072086
 
295.31 70.57 0.3960320825605491
 
295.31 74.8 0.3985536584457217
 
295.31 79.28 0.40210913065605447
 
295.31 84.04 0.43010771075682797
 
295.31 89.09 0.4399626428675448
 
295.31 94.43 0.44354704625274255
 
295.31 100.1 0.45559060419155767
 
295.31 106.62 0.4790684780089041
 
295.31 114.08 0.48643638569363007
 
295.31 122.06 0.4925336545630155
 
295.31 130.61 0.49977727178178555
 
295.31 139.75 0.5144052732936798
 
295.31 149.53 0.5481012021321212
 
295.31 161.55 0.5778532429209836
 
295.31 176.08 0.5880691809443354
 
295.31 191.93 0.6073446826052813
 
295.31 209.2 0.6186718322655766
 
295.31 228.03 0.6294553422355355
 
295.31 248.56 0.6348947330611561
 
295.31 270.93 0.637069043767611
 
295.31 295.31 1.0
 
295.31 321.88 0.6272373244022135
 
295.31 350.85 0.6105795376731927
 
295.31 384.26 0.5939834121563727
 
295.31 422.69 0.5722437708560574
 
321.88 10.63 0.29810894958136513
 
321.88 11.95 0.31625090446605963
 
321.88 13.44 0.32598386453874023
 
321.88 15.12 0.33217578446845386
 
321.88 17.01 0.34067839425009466
 
321.88 19.14 0.3567333263337151
 
321.88 21.86 0.36543619634489904
 
321.88 25.3 0.36877122647237115
 
321.88 39.16 0.3458558246304433
 
321.88 41.12 0.33655798384369845
 
321.88 43.17 0.33620000455354776
 
321.88 45.33 0.3398982714791896
 
321.88 47.59 0.3349684529468008
 
321.88 49.97 0.33868366833730357
 
321.88 52.73 0.35348555898016076
 
321.88 55.89 0.3814274571538184
 
321.88 59.25 0.38180135316115454
 
321.88 62.8 0.38374238278097283
 
321.88 66.57 0.38372411836621495
 
321.88 70.57 0.38442405884463404
 
321.88 74.8 0.3865490442870826
 
321.88 79.28 0.3896662890803819
 
321.88 84.04 0.4164392996316712
 
321.88 89.09 0.4256117910238337
 
321.88 94.43 0.4287097092317402
 
321.88 100.1 0.439976192684057
 
321.88 106.62 0.4621950377795569
 
321.88 114.08 0.4688326794952627
 
321.88 122.06 0.4743137231383893
 
321.88 130.61 0.4809438854875823
 
321.88 139.75 0.4947432455797925
 
321.88 149.53 0.5267648682384113
 
321.88 161.55 0.555318865723496
 
321.88 176.08 0.5653567226754695
 
321.88 191.93 0.584603920878678
 
321.88 209.2 0.5967849567131902
 
321.88 228.03 0.6092817145553645
 
321.88 248.56 0.6176239046010248
 
321.88 270.93 0.6240061446687732
 
321.88 295.31 0.6272373244022135
 
321.88 321.88 1.0
 
321.88 350.85 0.6158739742466981
 
321.88 384.26 0.6033561450852133
 
321.88 422.69 0.5842072976170244
 
350.85 10.63 0.2933460903721569
 
350.85 11.95 0.3110533678293118
 
350.85 13.44 0.32045872139335213
 
350.85 15.12 0.32635421875892956
 
350.85 17.01 0.3344884082346559
 
350.85 19.14 0.3499947719700277
 
350.85 21.86 0.3582005917473407
 
350.85 25.3 0.36105064687333455
 
350.85 39.16 0.3379803510172051
 
350.85 41.12 0.3287269894899054
 
350.85 43.17 0.3282040413329731
 
350.85 45.33 0.33163140502471045
 
350.85 47.59 0.32663470400212047
 
350.85 49.97 0.3300607478899304
 
350.85 52.73 0.34425062880265067
 
350.85 55.89 0.3711764023882292
 
350.85 59.25 0.3712410404721156
 
350.85 62.8 0.37281688066910557
 
350.85 66.57 0.37247562877060536
 
350.85 70.57 0.37281971230620875
 
350.85 74.8 0.37453394181729416
 
350.85 79.28 0.377195920713534
 
350.85 84.04 0.4027197762663221
 
350.85 89.09 0.41118205289556947
 
350.85 94.43 0.41376064117010874
 
350.85 100.1 0.42420703686492806
 
350.85 106.62 0.4450310461671421
 
350.85 114.08 0.4507908503739891
 
350.85 122.06 0.45555753591964276
 
350.85 130.61 0.46144858750352946
 
350.85 139.75 0.4742489673406431
 
350.85 149.53 0.5040707683555582
 
350.85 161.55 0.531050615923713
 
350.85 176.08 0.5403722144442008
 
350.85 191.93 0.5589255976900785
 
350.85 209.2 0.571067019229373
 
350.85 228.03 0.5842208500112698
 
350.85 248.56 0.5942643804541151
 
350.85 270.93 0.6033251729174892
 
350.85 295.31 0.6105795376731927
 
350.85 321.88 0.6158739742466981
 
350.85 350.85 1.0
 
350.85 384.26 0.6050787095479552
 
350.85 422.69 0.590166089032172
 
384.26 10.63 0.29086686020137553
 
384.26 11.95 0.3082853953649649
 
384.26 13.44 0.31744605211532495
 
384.26 15.12 0.3231022408475785
 
384.26 17.01 0.33094465993120187
 
384.26 19.14 0.3460400369897637
 
384.26 21.86 0.353833589839563
 
384.26 25.3 0.3562463593827719
 
384.26 39.16 0.332875599954531
 
384.26 41.12 0.32360098050251374
 
384.26 43.17 0.3229192255537433
 
384.26 45.33 0.32611500820583594
 
384.26 47.59 0.3210211690527226
 
384.26 49.97 0.3241982760326792
 
384.26 52.73 0.33790867815317754
 
384.26 55.89 0.3640612309379439
 
384.26 59.25 0.3638342196488663
 
384.26 62.8 0.3650755851757491
 
384.26 66.57 0.3644258551921467
 
384.26 70.57 0.3644343493839857
 
384.26 74.8 0.36576954999448574
 
384.26 79.28 0.3680156186143203
 
384.26 84.04 0.39252903203349493
 
384.26 89.09 0.4003697408559236
 
384.26 94.43 0.4024635635996422
 
384.26 100.1 0.41219061784712735
 
384.26 106.62 0.43181395684232166
 
384.26 114.08 0.43674816114132164
 
384.26 122.06 0.440826256446695
 
384.26 130.61 0.4459980237524668
 
384.26 139.75 0.4578584790781106
 
384.26 149.53 0.48566976630889935
 
384.26 161.55 0.5111577146341711
 
384.26 176.08 0.5196033266938967
 
384.26 191.93 0.5372642443164579
 
384.26 209.2 0.5489774070947362
 
384.26 228.03 0.562236072783868
 
384.26 248.56 0.5732199043455913
 
384.26 270.93 0.5839576123385831
 
384.26 295.31 0.5939834121563727
 
384.26 321.88 0.6033561450852133
 
384.26 350.85 0.6050787095479552
 
384.26 384.26 1.0
 
384.26 422.69 0.5971775591508112
 
422.69 10.63 0.28759642284761683
 
422.69 11.95 0.30468748299723797
 
422.69 13.44 0.31358887225840343
 
422.69 15.12 0.31900232801585526
 
422.69 17.01 0.3265458338054694
 
422.69 19.14 0.341207101942923
 
422.69 21.86 0.34858938720991994
 
422.69 25.3 0.35058535966057613
 
422.69 39.16 0.32701356883477584
 
422.69 41.12 0.3177496623905541
 
422.69 43.17 0.31692190012999144
 
422.69 45.33 0.31989094647493
 
422.69 47.59 0.31472315433795117
 
422.69 49.97 0.3176572995792026
 
422.69 52.73 0.3308747085161113
 
422.69 55.89 0.35621883740133636
 
422.69 59.25 0.35571965043441384
 
422.69 62.8 0.35664368059752233
 
422.69 66.57 0.35570666842838117
 
422.69 70.57 0.35539979407705036
 
422.69 74.8 0.35637389201947917
 
422.69 79.28 0.3582203615236063
 
422.69 84.04 0.3817033492585038
 
422.69 89.09 0.38893013856146025
 
422.69 94.43 0.3905546397253505
 
422.69 100.1 0.3995643417801455
 
422.69 106.62 0.41797995250163217
 
422.69 114.08 0.42209822487944887
 
422.69 122.06 0.4254832956950586
 
422.69 130.61 0.4299180242122842
 
422.69 139.75 0.44079531797034255
 
422.69 149.53 0.4665275718489594
 
422.69 161.55 0.49038752881150227
 
422.69 176.08 0.497778095157247
 
422.69 191.93 0.5142552030626937
 
422.69 209.2 0.5251450628525681
 
422.69 228.03 0.5379579926069823
 
422.69 248.56 0.5491630388630641
 
422.69 270.93 0.5606367459799405
 
422.69 295.31 0.5722437708560574
 
422.69 321.88 0.5842072976170244
 
422.69 350.85 0.590166089032172
 
422.69 384.26 0.5971775591508112
 
422.69 422.69 1.0
 
