# PU9(n,f)
0.2530E-07 0.7501E+03
0.1500E-03 0.1874E+02
0.2500E-03 0.1800E+02
0.3500E-03 0.8564E+01
0.4500E-03 0.9588E+01
0.5500E-03 0.1556E+02
0.6500E-03 0.4530E+01
0.7500E-03 0.5677E+01
0.8500E-03 0.5043E+01
0.9500E-03 0.8393E+01
0.1500E-02 0.4509E+01
0.2239E-02 0.4509E+01
0.2500E-02 0.3303E+01
0.2818E-02 0.3303E+01
0.3500E-02 0.3006E+01
0.3548E-02 0.3006E+01
0.4467E-02 0.3006E+01
0.4500E-02 0.2381E+01
0.5500E-02 0.2298E+01
0.5623E-02 0.2298E+01
0.6500E-02 0.2027E+01
0.7080E-02 0.2027E+01
0.7500E-02 0.2102E+01
0.8500E-02 0.2213E+01
0.8913E-02 0.2213E+01
0.9500E-02 0.1869E+01
0.1122E-01 0.1869E+01
0.1413E-01 0.1869E+01
0.1500E-01 0.1781E+01
0.1778E-01 0.1781E+01
0.2000E-01 0.1749E+01
0.2239E-01 0.1749E+01
0.2400E-01 0.1627E+01
0.2818E-01 0.1627E+01
0.3000E-01 0.1652E+01
0.3548E-01 0.1652E+01
0.4467E-01 0.1652E+01
0.4500E-01 0.1527E+01
0.5500E-01 0.1551E+01
0.5623E-01 0.1551E+01
0.6500E-01 0.1565E+01
0.7080E-01 0.1565E+01
0.7500E-01 0.1554E+01
0.8500E-01 0.1523E+01
0.8913E-01 0.1523E+01
0.9500E-01 0.1543E+01
0.1000E+00 0.1553E+01
0.1200E+00 0.1510E+01
0.1500E+00 0.1498E+01
0.1700E+00 0.1495E+01
0.1800E+00 0.1471E+01
0.1900E+00 0.1464E+01
0.2000E+00 0.1483E+01
0.2100E+00 0.1538E+01
0.2200E+00 0.1511E+01
0.2300E+00 0.1517E+01
0.2400E+00 0.1459E+01
0.2450E+00 0.1495E+01
0.2500E+00 0.1512E+01
0.2600E+00 0.1522E+01
0.2700E+00 0.1515E+01
0.2800E+00 0.1563E+01
0.3000E+00 0.1536E+01
0.3250E+00 0.1546E+01
0.3500E+00 0.1531E+01
0.3750E+00 0.1565E+01
0.4000E+00 0.1562E+01
0.4250E+00 0.1547E+01
0.4500E+00 0.1576E+01
0.4750E+00 0.1574E+01
0.5000E+00 0.1565E+01
0.5200E+00 0.1545E+01
0.5400E+00 0.1572E+01
0.5700E+00 0.1587E+01
0.6000E+00 0.1593E+01
0.6500E+00 0.1620E+01
0.7000E+00 0.1632E+01
0.7500E+00 0.1690E+01
0.8000E+00 0.1703E+01
0.8500E+00 0.1693E+01
0.9000E+00 0.1674E+01
0.9400E+00 0.1686E+01
0.9600E+00 0.1717E+01
0.9800E+00 0.1712E+01
0.1000E+01 0.1734E+01
0.1100E+01 0.1746E+01
0.1250E+01 0.1844E+01
0.1400E+01 0.1922E+01
0.1600E+01 0.1947E+01
0.1800E+01 0.1949E+01
0.2000E+01 0.1973E+01
0.2200E+01 0.1972E+01
0.2400E+01 0.1922E+01
0.2600E+01 0.1909E+01
0.2800E+01 0.1892E+01
0.3000E+01 0.1857E+01
0.3600E+01 0.1813E+01
0.4000E+01 0.1774E+01
0.4500E+01 0.1743E+01
0.4700E+01 0.1734E+01
0.5000E+01 0.1692E+01
0.5300E+01 0.1684E+01
0.5500E+01 0.1665E+01
0.5800E+01 0.1690E+01
0.6000E+01 0.1775E+01
0.6200E+01 0.1843E+01
0.6500E+01 0.1937E+01
0.7000E+01 0.2069E+01
0.7500E+01 0.2189E+01
0.7750E+01 0.2225E+01
0.8000E+01 0.2276E+01
0.8500E+01 0.2247E+01
0.9000E+01 0.2250E+01
0.1000E+02 0.2243E+01
0.1100E+02 0.2235E+01
0.1150E+02 0.2230E+01
0.1200E+02 0.2241E+01
